1 3 1 0 1 3
1 3 1 0 1 11
1 3 8 11 1 11
1 3 1 0 1 3
1 3 1 11 11 8
1 3 1 0 1 3
1 7 1 0 1 11
1 3 1 0 1 3
1 3 1 0 1 3
1 7 1 0 1 3
1 3 1 0 1 3
1 3 1 0 1 11
1 8 7 7 9 0
1 3 7 7 9 0
1 3 7 7 9 0
1 3 7 7 9 0
1 8 7 7 9 0
1 3 7 7 9 0
1 8 7 7 9 0
1 3 1 0 1 3
1 8 7 7 9 0
1 3 1 0 1 3
1 3 1 0 1 3
1 3 7 7 9 0
1 8 7 7 9 0
1 3 1 0 1 11
1 3 1 0 1 3
1 8 7 7 9 0
1 3 1 0 1 10
1 7 1 0 1 3
1 3 7 7 9 0
1 8 7 7 9 0
1 3 7 7 9 0
4 11 12 4 2 1
1 3 7 7 9 0
1 3 7 7 9 0
4 11 12 4 2 1
4 0 12 4 10 10
1 4 8 11 11 8
1 8 7 7 9 0
4 11 2 4 10 10
1 3 7 7 9 0
10 2 9 8 7 1
1 3 7 7 9 0
4 0 12 4 10 10
4 0 12 4 10 10
4 11 12 4 10 10
4 11 2 4 2 1
4 7 12 4 2 1
4 0 12 4 10 10
4 11 12 4 10 10
4 0 12 4 2 1
4 0 12 4 2 1
4 0 12 4 2 1
4 11 12 4 2 1
9 7 3 2 0 9
9 7 3 2 0 9
9 4 3 2 8 9
9 7 3 2 0 9
9 7 3 2 8 9
9 4 3 2 8 9
1 3 1 0 1 3
9 9 3 2 0 9
9 7 11 2 8 9
9 4 3 2 8 9
9 7 3 2 0 9
5 4 3 2 8 9
1 3 1 0 1 3
12 7 3 2 0 9
9 4 3 2 8 9
1 3 1 0 1 11
1 3 1 0 1 11
9 4 3 2 0 9
2 2 9 8 7 8
0 9 5 3 4 12
0 6 5 3 4 12
11 9 5 10 4 12
0 9 5 12 4 12
11 6 5 10 4 4
11 9 5 3 4 4
0 9 5 3 4 12
4 0 12 4 10 10
11 6 5 3 4 4
11 6 5 10 4 4
2 2 9 8 7 8
2 2 9 8 7 8
8 8 7 7 9 0
11 9 5 10 4 12
0 9 5 3 4 12
8 4 8 10 4 12
0 6 5 3 4 12
11 9 5 10 4 4
3 12 4 1 3 5
4 11 12 4 10 10
6 5 0 6 6 7
6 5 0 6 6 7
6 5 0 6 6 7
6 5 0 6 6 7
6 6 0 6 6 7
6 5 0 6 6 7
1 8 7 7 9 0
6 5 0 12 6 7
6 5 0 6 6 7
6 6 0 6 6 7
6 5 0 6 6 7
6 5 0 6 6 7
6 5 0 6 6 7
6 5 0 6 6 7
6 6 0 6 6 7
9 4 3 2 8 9
6 5 0 6 6 7
6 5 0 6 6 7
6 5 0 6 6 7
6 5 0 6 6 7
6 5 0 6 6 7
6 5 0 6 6 7
9 7 3 2 0 9
3 1 4 1 3 5
3 1 4 1 3 5
4 11 12 4 2 1
3 12 4 1 3 5
12 4 3 2 8 9
3 1 4 1 3 5
9 4 11 2 8 9
3 1 4 1 3 5
7 6 6 5 5 6
9 4 3 2 8 9
3 12 4 1 3 5
12 6 11 2 8 2
8 4 8 1 3 5
3 12 4 1 3 5
12 4 11 2 0 2
12 6 11 2 0 2
12 6 11 2 0 2
12 6 11 2 8 2
5 4 3 2 8 9
4 11 12 4 2 1
9 4 3 2 8 9
3 1 4 1 3 5
9 4 3 9 11 10
12 4 11 2 8 2
12 4 11 2 8 2
3 12 4 1 3 5
5 4 3 2 8 2
3 1 4 1 3 5
8 4 8 2 8 9
6 5 0 6 6 7
12 4 11 2 8 2
5 4 11 2 0 2
3 1 4 1 3 5
8 4 8 0 1 3
8 8 7 7 9 0
7 10 10 5 5 6
7 10 10 5 5 6
7 10 10 5 0 6
7 10 6 5 5 6
7 10 6 5 5 6
7 6 10 5 0 6
5 7 11 2 0 2
7 10 6 5 5 6
6 5 0 6 6 7
7 10 6 5 5 6
7 6 6 5 0 6
7 10 6 5 0 6
7 10 6 5 5 6
7 10 6 5 11 6
7 10 6 5 11 6
7 10 6 5 5 6
7 10 6 5 0 6
6 5 0 6 6 7
12 7 11 2 0 2
5 4 11 2 0 2
7 10 6 5 5 6
7 10 6 5 5 6
7 10 6 5 5 6
8 10 6 5 0 6
7 10 6 5 5 6
12 6 11 2 0 2
7 10 10 5 5 6
4 11 12 4 2 1
7 10 10 5 5 6
8 4 8 5 0 6
12 4 11 2 8 2
12 4 11 2 0 2
10 7 9 8 7 8
10 2 9 8 11 1
10 2 9 8 7 8
2 2 9 8 7 8
5 4 3 2 8 2
4 11 12 4 10 10
10 2 9 8 7 1
2 2 9 8 7 8
9 4 11 2 8 2
10 7 9 8 12 1
12 6 11 2 0 2
1 3 1 0 1 3
10 2 9 8 7 8
12 7 11 2 0 2
10 3 9 8 12 1
10 2 9 8 7 8
4 11 12 4 2 1
12 6 11 2 0 2
12 4 3 2 0 2
10 7 9 8 12 1
3 1 4 1 3 5
11 9 5 10 4 12
3 12 4 1 3 5
3 1 4 1 3 10
10 7 9 8 12 1
3 12 4 1 3 5
12 4 11 2 0 2
3 1 4 1 3 5
3 12 4 1 3 5
10 2 9 8 7 8
10 7 9 8 12 1
3 12 4 1 3 5
3 12 4 1 3 5
10 2 9 8 7 8
3 12 4 1 3 5
2 7 9 8 12 1
3 12 4 1 3 5
10 2 9 8 7 8
3 6 4 1 3 5
3 1 4 1 3 5
10 2 9 11 11 8
2 7 9 8 12 1
3 12 4 1 3 5
3 12 4 1 3 5
11 6 5 10 4 4
0 9 5 3 4 12
0 9 5 10 4 4
6 5 0 6 6 7
12 6 11 2 0 2
8 4 8 8 7 8
0 6 5 3 4 12
6 5 0 6 6 7
11 9 5 10 4 4
0 6 5 3 4 12
11 9 5 10 4 12
11 9 5 3 4 12
6 5 0 6 6 10
0 9 5 3 4 4
