1426	1
1427	2
1428	3
1429	4
1430	5
1431	6
1434	7
1435	8
1437	9
1439	10
1441	11
1443	12
1451	13
1452	14
1453	15
1457	16
1458	17
1459	18
1461	19
1465	20
1468	21
1471	22
1475	23
1477	24
1479	25
1480	26
1482	27
1483	28
1486	29
1489	30
1493	31
1495	32
1498	33
1500	34
1501	35
1502	36
1503	37
1504	38
1511	39
1516	40
1519	41
1520	42
1521	43
1522	44
1524	45
1525	46
1528	47
1532	48
1533	49
1538	50
1539	51
1545	52
1546	53
1548	54
1549	55
1551	56
1552	57
1555	58
1558	59
1560	60
1562	61
1563	62
1564	63
1567	64
1570	65
1572	66
1574	67
1578	68
1579	69
1580	70
1585	71
1592	72
1594	73
1601	74
1603	75
1604	76
1606	77
1609	78
1613	79
1616	80
1617	81
1618	82
1625	83
1628	84
1630	85
1632	86
1637	87
1641	88
1643	89
1647	90
1648	91
1649	92
1650	93
1653	94
1656	95
1661	96
1663	97
1664	98
1665	99
1666	100
1668	101
1670	102
1673	103
1674	104
1675	105
1680	106
1681	107
1682	108
1684	109
1685	110
1687	111
1688	112
1695	113
1696	114
1697	115
1698	116
1700	117
1702	118
1704	119
1705	120
1706	121
1707	122
1708	123
1709	124
1710	125
1711	126
1712	127
1713	128
1714	129
1715	130
1718	131
1719	132
1720	133
1722	134
1723	135
1727	136
1730	137
1731	138
1732	139
1735	140
1737	141
1738	142
1739	143
1741	144
1743	145
1744	146
1745	147
1746	148
1748	149
1749	150
1750	151
1751	152
1752	153
1753	154
1757	155
1759	156
1760	157
1761	158
1763	159
1764	160
1765	161
1766	162
1767	163
1768	164
1770	165
1772	166
1774	167
1775	168
1778	169
1779	170
1780	171
1782	172
1783	173
1787	174
1789	175
1790	176
1792	177
1795	178
1796	179
1797	180
1798	181
1799	182
1800	183
1801	184
1802	185
1803	186
1805	187
1807	188
1809	189
1815	190
1818	191
1819	192
1820	193
1821	194
1822	195
1824	196
1831	197
1833	198
1835	199
1836	200
1837	201
1838	202
1843	203
1847	204
1851	205
1852	206
1854	207
1855	208
1857	209
1858	210
1859	211
1861	212
1863	213
1865	214
1866	215
1872	216
1877	217
1880	218
1883	219
1885	220
1887	221
1888	222
1889	223
1890	224
1892	225
1895	226
1897	227
1898	228
1902	229
1906	230
1907	231
1908	232
1909	233
1910	234
1911	235
1912	236
1913	237
1916	238
1917	239
1919	240
1920	241
1922	242
