118 119 121 123 128 125 205 131 207 208 143 217 216 139 212 213 150 145 228 227 224 210 223 221 219 
101 124 43 94 93 147 148 154 
117 58 56 57 122 59 73 64 127 136 138 65 70 140 69 60 61 66 110 67 
196 
170 95 105 102 103 100 99 97 96 241 98 232 108 104 236 114 115 113 116 109 107 106 111 112 161 
200 194 192 209 197 199 204 222 85 86 214 215 226 225 191 220 218 188 187 186 185 74 
175 173 174 168 166 169 181 177 176 179 155 126 167 165 156 153 158 164 157 162 163 160 
171 172 198 202 178 193 195 149 129 132 144 203 135 133 233 142 141 159 134 211 184 183 189 
21 31 32 33 152 42 44 13 25 36 35 28 16 14 15 40 17 18 87 19 24 
52 201 54 55 180 120 45 46 47 53 49 48 137 51 50 37 34 38 41 190 82 
20 11 27 26 29 30 72 9 7 8 5 6 10 22 2 1 4 3 71 12 62 68 23 
229 235 238 83 79 84 91 80 76 77 
