118 119 121 123 128 125 130 205 131 207 208 143 217 216 139 212 213 150 145 228 227 224 210 223 221 219 
124 206 43 94 93 101 147 148 154 
63 56 58 117 57 122 69 59 127 136 138 70 66 146 60 64 61 65 73 110 67 
242 234 196 
170 104 105 102 103 100 99 98 97 96 241 95 232 108 236 114 115 113 116 107 106 109 111 112 161 
200 199 194 192 209 197 85 86 204 187 214 226 191 222 220 218 188 215 186 185 74 
175 173 158 174 168 165 169 182 181 177 176 179 155 126 167 156 153 164 157 162 163 160 
171 172 198 202 132 178 183 193 195 129 144 203 135 133 233 142 141 159 149 134 211 184 189 
21 31 32 33 152 42 44 13 25 87 36 35 24 28 19 16 14 15 40 17 18 
52 54 55 180 120 45 46 201 53 49 48 51 50 137 37 34 38 41 190 82 47 
11 27 26 29 30 7 9 8 6 10 3 22 2 1 4 71 20 72 12 62 151 68 23 
90 88 89 92 230 231 229 78 235 237 239 238 83 84 91 80 81 79 240 75 76 77 
