119 118 121 123 210 125 205 131 207 208 217 216 143 139 212 213 150 145 228 227 224 128 223 221 219 
154 124 43 94 93 101 147 148 206 
117 56 57 58 122 59 136 138 70 140 60 61 63 64 127 65 69 110 66 73 67 
242 196 
170 105 102 103 95 100 99 98 97 96 241 232 104 236 114 115 113 116 112 107 106 108 109 111 161 
200 199 194 209 197 204 222 85 86 214 215 226 225 191 192 220 218 188 187 186 185 74 
175 158 169 181 156 177 176 179 155 174 164 126 168 167 166 165 173 153 163 160 157 162 
171 172 134 198 202 178 193 195 211 132 203 135 133 233 142 141 159 149 144 184 183 129 189 
21 31 32 33 152 18 42 44 13 25 87 36 35 24 28 19 16 14 15 40 17 
53 52 201 54 55 180 120 45 46 47 49 48 51 50 137 37 34 38 41 190 82 
72 20 68 27 26 29 30 9 7 8 5 6 10 22 2 1 4 71 12 11 62 23 
79 88 230 231 229 78 235 237 239 238 89 83 84 91 80 81 92 240 75 76 77 
