118 119 121 123 210 125 130 205 131 207 145 217 216 143 139 212 213 150 228 227 224 128 223 221 219 
154 93 124 43 101 206 147 148 
117 60 58 56 57 122 59 136 138 70 66 73 146 65 69 64 61 63 127 110 67 
242 196 
170 105 103 116 100 99 98 97 96 95 232 108 104 236 102 114 115 113 109 112 107 106 111 161 
199 194 209 204 226 191 220 215 186 
175 173 169 182 181 177 176 179 174 126 168 167 165 166 156 155 153 164 157 158 162 163 160 
171 172 198 202 178 193 195 211 144 132 203 133 233 142 141 149 134 135 184 183 129 189 159 
21 19 31 32 33 28 42 44 13 36 35 16 14 15 40 17 18 87 152 25 24 
53 52 201 54 55 180 120 49 48 137 37 34 
20 11 27 26 30 151 9 7 8 6 10 22 2 1 4 3 71 72 12 62 23 68 
79 92 88 89 91 230 231 229 90 235 237 239 238 83 84 80 81 78 240 75 76 77 
