119 118 121 123 143 128 125 205 131 207 208 150 145 217 216 139 213 228 227 224 210 223 221 219 212 
154 124 206 43 94 93 101 147 148 
56 117 57 58 122 59 69 136 138 70 140 66 73 65 60 61 63 64 127 110 67 
196 242 
161 170 113 105 103 236 100 99 98 97 96 95 232 108 104 109 241 102 114 115 116 112 107 106 111 
197 200 194 209 199 204 85 86 188 187 214 226 225 191 192 222 220 218 215 186 185 74 
175 173 168 167 165 166 169 181 177 155 174 126 156 153 179 164 157 158 162 163 160 
171 172 134 202 132 178 193 195 211 144 198 203 135 133 233 142 141 149 184 183 129 189 159 
21 19 39 31 32 33 28 42 44 36 35 16 13 14 15 40 17 18 25 24 
54 55 180 120 45 46 53 52 201 49 48 137 51 50 37 34 38 41 190 82 47 
20 11 27 26 29 30 9 7 8 6 10 2 1 4 3 71 72 5 68 12 62 22 23 
79 88 89 230 231 229 240 235 237 239 238 83 84 92 91 80 81 78 75 76 77 
