118 119 121 123 210 125 130 205 131 207 208 143 217 216 139 212 213 150 145 228 227 224 128 223 221 219 
154 124 43 94 93 101 206 147 148 
117 60 58 56 57 122 59 69 136 138 65 70 66 73 146 64 61 63 127 110 67 
196 242 234 
102 170 95 105 103 116 100 99 98 97 96 232 104 236 241 114 115 113 107 106 108 109 111 112 161 
200 199 194 209 197 85 86 214 215 204 226 191 192 222 220 218 188 187 186 185 74 
175 158 174 169 168 182 173 156 177 176 179 126 167 165 166 181 155 153 164 157 162 163 160 
171 172 198 202 178 193 195 233 211 129 132 203 134 135 133 142 141 159 149 144 184 183 189 
21 19 31 32 33 28 42 44 13 18 36 35 24 16 14 15 40 17 87 152 25 
53 52 201 54 55 180 120 45 46 47 49 48 51 50 137 37 34 38 41 190 82 
72 20 68 27 26 29 30 9 7 8 6 10 22 2 1 4 71 12 11 62 151 23 
88 89 230 231 229 78 90 235 237 239 238 83 79 84 91 80 81 92 240 75 76 77 
