1 11
2 11
4 11
6 11
7 11
8 11
9 11
10 11
11 11
12 11
13 9
14 9
15 9
16 9
17 9
18 9
19 9
20 11
21 9
22 11
23 11
24 9
25 9
26 11
27 11
28 9
29 11
30 11
31 9
32 9
33 9
34 10
35 9
36 9
37 10
38 10
40 9
41 10
42 9
43 2
44 9
45 10
46 10
47 10
48 10
49 10
50 10
51 10
52 10
53 10
54 10
55 10
56 3
57 3
58 3
59 3
60 3
61 3
62 11
63 3
64 3
65 3
66 3
67 3
68 11
69 3
70 3
71 11
72 11
73 3
74 6
75 12
76 12
77 12
78 12
79 12
80 12
81 12
82 10
83 12
84 12
85 6
86 6
87 9
88 12
89 12
90 12
91 12
92 12
93 2
94 2
95 5
96 5
97 5
98 5
99 5
100 5
101 2
102 5
103 5
104 5
105 5
106 5
107 5
108 5
109 5
110 3
111 5
112 5
113 5
114 5
115 5
116 5
117 3
118 1
119 1
120 10
121 1
122 3
123 1
124 2
125 1
126 7
127 3
128 1
129 8
130 1
131 1
132 8
133 8
134 8
135 8
136 3
137 10
138 3
139 1
141 8
142 8
143 1
144 8
145 1
146 3
147 2
148 2
149 8
150 1
151 11
152 9
153 7
154 2
155 7
156 7
157 7
158 7
159 8
160 7
161 5
162 7
163 7
164 7
165 7
166 7
167 7
168 7
169 7
170 5
171 8
172 8
173 7
174 7
175 7
176 7
177 7
178 8
179 7
180 10
181 7
182 7
183 8
184 8
185 6
186 6
187 6
188 6
189 8
190 10
191 6
192 6
193 8
194 6
195 8
196 4
197 6
198 8
199 6
200 6
201 10
202 8
203 8
204 6
205 1
206 2
207 1
208 1
209 6
210 1
211 8
212 1
213 1
214 6
215 6
216 1
217 1
218 6
219 1
220 6
221 1
222 6
223 1
224 1
226 6
227 1
228 1
229 12
230 12
231 12
232 5
233 8
234 4
235 12
236 5
237 12
238 12
239 12
240 12
241 5
242 4
