710 711
710 1013
961 1045
961 952
961 1018
1034 924
1034 956
887 602
887 952
887 885
887 910
821 807
821 1023
831 1046
715 714
715 988
809 724
809 814
809 860
902 1047
1029 686
711 1013
1022 837
948 641
719 918
850 689
850 784
984 990
984 1048
984 930
984 1012
729 788
729 1049
729 862
729 916
933 894
933 987
824 1010
824 740
824 1050
824 1051
952 885
807 1023
1052 1053
1010 1051
1010 790
1010 739
1010 740
1010 1050
1053 1023
790 740
790 739
990 930
990 1012
885 602
1045 1018
1012 930
916 894
916 1049
916 862
906 716
788 862
788 650
924 956
1042 963
969 1049
686 784
862 1049
1054 814
1054 812
793 867
812 814
863 1055
842 918
911 687
1051 740
1051 1050
602 814
894 1056
740 1050
724 814
930 1048
821 838
821 807
715 832
715 714
715 988
715 1022
714 933
714 832
714 988
714 907
816 933
816 832
991 1057
1022 1058
948 1029
948 650
850 911
1059 967
832 933
832 988
807 1046
807 1053
1046 1053
933 911
933 907
990 911
990 1057
990 1045
990 686
990 1018
1060 1061
1058 893
1057 911
650 788
650 1029
772 788
772 894
1042 1018
893 838
686 842
711 894
711 1062
788 894
1045 1018
1063 1064
1063 1059
1063 686
1063 842
991 1065
991 907
948 1012
948 650
850 1065
850 907
1059 1064
1059 842
1046 1066
1022 988
1012 650
988 1067
1065 907
1068 1069
1068 686
1068 1070
1068 842
686 1070
1070 1069
1064 842
911 1067
1071 1072
991 850
1073 1074
1073 1075
1073 1076
1073 842
1073 1068
991 1077
991 1078
991 850
991 988
850 1077
850 1078
850 988
1079 1080
1081 1022
1081 893
1078 1077
1078 1082
1022 893
1075 1069
1075 686
1075 842
1075 1068
1068 842
1074 1076
1083 1084
1083 1085
1086 1080
1073 1087
1073 1080
1073 686
1073 1088
1073 1089
1090 1091
991 1092
991 850
1093 1092
1093 1094
1093 1095
1078 1074
1080 1087
1080 842
1080 1068
1082 1092
1082 1094
1095 1094
1095 1096
1088 1089
1088 686
686 1089
1086 1097
1098 1081
1098 1099
1098 1100
1098 1079
1073 1074
1073 1079
1101 1102
1101 1074
1101 1103
1101 842
1101 1104
1105 1106
1107 1099
1107 1108
1079 1100
1079 1109
1079 1099
1079 1088
1081 1110
1111 1112
1111 1113
1080 1103
1080 1108
1114 1106
1022 1115
1112 1113
1075 1116
842 1102
842 1104
842 1103
1099 1100
1099 1109
1099 1108
1103 1102
1103 1104
1117 1118
1119 1120
1102 1104
1086 1121
1122 1081
1123 1124
991 1081
991 1109
991 1116
991 1125
1081 1109
1081 1116
1124 1022
1022 1126
1112 1103
1127 1121
1125 1120
1128 1129
1108 1107
1130 1131
1132 1133
1134 1135
1134 1136
1134 1022
1022 1135
1022 1136
1128 1129
1135 1136
