1359 1293
1359 1358
1359 1362
1291 1354
1291 1356
1291 1384
1291 1375
1291 1349
1360 1361
1387 1231
1387 1378
1290 1354
1290 1300
1290 1266
1292 1388
1292 1389
1292 1390
1292 1391
1292 1345
1292 1392
1391 1392
1391 1388
1391 1390
1333 1393
1333 1261
1333 1394
1395 1396
1395 1159
1256 1365
1256 1348
1392 1390
1392 1388
1393 1394
1261 1394
1370 1343
1370 1367
1370 1373
1230 1367
1384 1349
1384 1266
1384 1375
1159 1396
1397 1398
1327 1302
1327 1355
1302 1355
1300 1266
1365 1399
1365 1348
1365 1259
1400 1231
1217 1330
1367 1277
1367 1385
1347 1389
1394 1266
1349 1209
1330 1249
1346 1354
1231 1378
1375 1266
1388 1390
1352 1353
1354 1356
1355 1356
1355 1385
1277 1385
1401 1250
1323 1243
1259 1402
1358 1362
1343 1373
1363 1364
1363 1362
1146 1373
1364 1362
1345 1249
1403 231
1404 231
1291 1349
1291 1323
1291 1384
1360 1389
1360 1386
1405 1406
1387 1378
1292 1344
1292 1345
1292 1347
1407 1408
1403 1404
1345 1344
1345 1347
1261 1393
1261 1394
1370 1277
1230 1409
1230 1410
1384 1349
1384 1323
1384 1375
1366 1355
1366 1346
1327 1249
1327 1375
1173 1411
1412 1217
1412 1413
1414 1415
1300 1209
1300 1356
1300 1416
1356 1416
1361 1411
1394 1393
1349 1323
1349 1375
1217 1293
1217 1413
1346 1355
1346 1354
1231 1410
1375 1249
1224 1417
1406 1159
1395 1344
1395 1347
1354 1355
1389 1293
1389 1386
1386 1382
1386 1347
1226 1417
1416 1209
1347 1382
1418 1356
1418 1300
1419 1420
1419 1412
1366 1354
1366 1355
1387 1397
1387 1378
1387 1352
1387 1259
1292 1347
1403 1380
1403 1404
1256 1365
1367 1230
1367 1385
1421 1414
1370 1373
1230 1378
1230 1385
1420 1412
1327 1349
1365 1398
1300 1209
1300 1356
1217 1345
1380 1422
1380 1404
1397 1259
1362 1363
1352 1378
1411 1415
1411 1423
1393 1424
1415 1423
1418 1356
1419 1354
1419 1412
1425 1426
1387 1370
1292 1395
1403 1380
1421 1386
1421 1415
1370 1230
1370 1367
1230 1302
1230 1367
1230 1385
1397 1386
1397 1382
1397 1347
1412 1354
1302 1385
1386 1382
1386 1347
1427 1358
1385 1249
1347 1382
1418 1428
1421 1367
1370 1380
1370 1429
1230 1430
1430 1385
1397 1382
1397 1256
1365 1256
1365 1259
1302 1249
1367 1380
1431 1389
1386 1382
1427 1358
1395 1432
1354 1433
1389 1382
1434 1435
1259 1256
1382 1256
1429 1435
1436 1256
1418 1437
1418 1433
1418 1438
1419 1345
1439 1440
1439 1438
1439 1441
1442 1395
1442 1443
1442 1444
1442 1445
1442 1386
1442 1249
1446 1447
1446 1448
1446 1436
1446 1449
1446 1450
1446 1451
1452 1433
1445 1453
1445 1230
1445 1385
1454 1435
1454 1370
1454 1455
1454 1429
1440 1453
1440 1438
1440 1345
1440 1441
1345 1453
1421 1447
1421 1256
1449 1447
1449 1448
1449 1436
1449 1450
1449 1451
1370 1435
1370 1230
1370 1429
1370 1455
1230 1430
1230 1385
1430 1435
1430 1412
1430 1385
1451 1447
1451 1365
1451 1448
1451 1436
1451 1256
1451 1450
1397 1365
1397 1389
1397 1436
1397 1256
1397 1367
1443 1395
1365 1389
1365 1256
1365 1367
1444 1386
1438 1456
1438 1441
1438 1433
1385 1453
1367 1389
1367 1436
1367 1256
1367 1457
1458 1354
1458 1437
1458 1459
1453 1456
1453 1354
1456 1433
1456 1354
1460 1412
1450 1447
1450 1448
1450 1436
1437 1354
1437 1459
1461 1249
1447 1448
1447 1436
1447 1256
1395 1249
1457 1358
1457 1389
1448 1436
1354 1459
1389 1358
1389 1462
1389 1256
1389 1259
1259 1462
1412 1415
1358 1415
1429 1435
1429 1455
1436 1256
1435 1455
1463 227
1367 227
1419 1464
1419 1441
1465 1395
1465 1442
1465 1466
1465 1467
1465 1468
1465 1421
1465 1469
1465 1470
1442 1395
1442 1466
1442 1445
1442 1454
1442 1468
1442 1421
1442 1469
1442 1370
1442 1470
1447 1463
1447 1436
1447 1462
1447 1451
1467 1445
1467 1421
1445 1444
1445 1471
1445 1454
1445 1370
1445 1230
1454 1370
1454 1230
1460 1472
1421 1395
1421 1466
1421 1468
1421 1469
1421 1470
1473 1474
1473 1471
1473 1475
1463 1389
1463 1367
1463 1462
1370 1444
1438 1456
1438 1476
1438 1475
1438 1477
1451 1462
1464 1441
1478 1395
1478 1386
1444 1471
1444 1441
1444 1249
1479 1480
1479 1481
1481 1358
1456 1476
1469 1468
1469 1466
1469 1470
1482 1249
1395 1468
1395 1466
1354 1433
1389 1436
1389 1480
1475 1477
1462 1436
1474 1471
1483 1358
1483 1457
1484 1485
1484 1455
1358 1457
1358 1436
1468 1466
1468 1470
1485 1455
1466 1470
1436 1457
1471 1486
1419 1487
1419 1488
1419 1464
1489 1490
1489 1354
1489 1491
1489 1492
1489 1493
1489 1494
1442 1495
1442 1496
1442 1395
1442 1454
1442 1468
1497 1498
1499 1498
1499 1500
1499 1501
1502 1477
1502 1389
1502 1501
1465 1370
1465 1484
1429 1467
1445 1503
1454 1495
1395 1496
1421 1504
1421 1505
1421 1506
1421 1449
1421 1507
1421 1508
1449 1506
1449 1509
1449 1504
1370 1468
1370 1470
1370 1484
1510 1464
1464 1488
1464 1441
1511 1389
1512 1474
1512 1441
1512 1249
1498 1500
1498 1501
1492 1490
1492 1354
1492 1491
1492 1493
1492 1494
1500 1501
1500 1480
1500 1508
1507 1505
1507 1504
1513 1514
1513 1515
1487 1488
1490 1354
1490 1491
1490 1493
1490 1494
1515 1514
1354 1491
1354 1493
1354 1494
1389 1501
1505 1504
1474 1516
1474 1457
1516 1457
1493 1491
1493 1494
1506 1509
1506 1504
1483 1457
1494 1491
1468 1470
1509 1504
1249 1517
1480 1508
1518 1445
1419 1445
1419 1519
1419 1520
1419 1521
1442 1522
1442 1389
1442 1523
1442 1386
1442 1524
1442 1525
1497 1526
1527 1386
1527 1467
1527 1528
1528 1529
1528 1512
1528 1467
1445 1519
1445 1521
1454 1495
1454 1354
1454 1493
1454 1530
1454 1531
1454 1230
1454 1494
1532 1525
1532 1524
1532 1533
1534 1490
1534 1493
1465 1484
1449 1507
1449 1535
1230 1523
1526 1464
1526 1536
1526 1457
1537 1538
1537 1484
1464 1536
1464 1457
1478 1539
1478 1470
1478 1540
1478 1535
1354 1493
1535 1468
1535 1539
1535 1540
1535 1470
1512 1541
1512 1491
1523 1531
1523 1522
1542 1480
1542 1457
1543 1468
1543 1470
1480 1457
1386 1389
1544 1545
1540 1539
1533 1525
1531 1495
1520 1546
1507 1389
1507 1395
1536 1457
1530 1494
1395 1389
1495 1468
1516 1483
1493 1490
1493 1491
1484 1538
1547 1548
1494 1490
1468 1470
1519 1521
1525 1524
1488 1549
1541 1491
1550 1551
1552 1531
1552 1535
1552 1553
1554 1389
1554 1555
1554 1556
1557 1389
1557 1542
1527 1558
1527 1484
1528 1512
1528 1559
1519 1445
1519 1560
1519 1521
1556 1389
1556 1555
1561 1389
1561 1562
1561 1511
1464 1512
1464 1563
1564 1487
1551 1532
1551 1565
1551 1512
1354 1566
1354 1567
1354 1494
1563 1545
1563 1512
1563 1483
1568 1569
1568 1570
1568 1478
1568 1571
1568 1572
1494 1566
1494 1567
1573 1574
1562 1575
1562 1386
1562 1508
1576 1577
1576 1578
1576 1579
1576 1249
1580 1517
1536 1526
1536 1508
1581 1386
1582 1478
1582 1522
1582 1470
1582 1442
1508 1471
1508 1575
1508 1526
1521 1445
1569 1570
1569 1478
1569 1572
1489 1370
1442 1495
1442 1583
1442 1522
1442 1539
1442 1230
1442 1584
1585 1586
1585 1389
1585 1542
1585 1575
1511 1389
1555 1389
1586 1389
1586 1575
1587 1471
1389 1575
1389 1542
1588 1538
1553 1535
1483 1546
1483 1545
1483 1474
1483 1547
1483 1589
1558 1484
1548 1547
1539 1583
1539 1584
1470 1478
1470 1484
1579 1578
1579 1249
1445 1495
1445 1512
1571 1478
1230 1495
1590 1484
1531 1522
1532 1565
1532 1512
1545 1591
1474 1589
1570 1478
1570 1592
1570 1572
1584 1583
1547 1546
1547 1565
1547 1593
1547 1512
1547 1589
1547 1559
1559 1512
1559 1565
1559 1593
1471 1526
1491 1566
1594 1546
1249 1578
1249 1533
1567 1566
1589 1546
1565 1593
1565 1512
1512 1593
1478 1592
1478 1572
