1 2
3 4
3 5
3 6
3 7
3 8
9 10
9 11
12 13
12 14
12 15
12 11
12 16
11 16
17 18
17 19
17 20
6 4
6 5
6 13
6 8
19 20
7 21
4 5
4 8
8 5
10 22
22 23
22 16
23 24
23 25
16 13
24 25
26 5
27 28
12 6
12 29
12 13
12 16
11 6
17 30
17 19
19 31
32 33
18 34
33 24
10 34
14 5
16 13
16 29
13 29
26 35
26 6
26 36
26 37
36 38
36 6
27 39
38 37
38 14
17 19
6 37
19 40
41 42
32 43
31 44
31 30
31 40
45 33
42 28
40 44
46 39
47 39
47 13
47 48
30 49
30 50
30 20
51 14
51 13
14 37
29 15
50 20
39 13
52 44
43 23
53 54
53 55
53 30
53 56
53 57
27 58
27 59
27 28
27 60
56 54
56 30
56 57
56 55
61 43
62 51
63 24
63 51
63 43
57 54
57 30
57 55
11 50
11 14
17 44
17 52
19 51
19 14
54 30
54 55
64 58
64 47
64 13
64 65
31 44
66 67
66 68
69 70
71 72
55 30
73 67
73 68
73 20
40 20
40 15
59 70
59 28
59 60
47 52
47 29
47 13
67 68
51 43
51 24
51 14
14 50
14 15
15 13
52 44
60 28
43 24
20 44
20 68
70 13
70 28
72 24
74 75
74 76
74 77
27 78
27 76
27 64
27 79
78 20
78 80
78 31
78 79
78 81
76 82
76 64
76 15
76 77
76 75
57 83
57 54
57 20
77 75
55 83
55 75
55 30
17 84
16 75
16 51
16 85
86 87
86 88
82 89
82 15
90 91
90 30
90 92
93 94
93 89
95 94
31 80
31 20
31 92
31 81
31 96
31 30
97 15
97 59
98 79
99 100
59 87
59 28
59 15
87 88
96 80
96 84
96 67
96 81
96 101
47 13
47 48
47 100
30 83
30 20
30 92
30 91
100 51
101 84
101 67
54 83
84 67
102 103
51 63
51 85
51 104
14 24
14 50
14 63
105 20
15 28
15 89
91 92
50 106
50 104
80 81
80 20
94 89
20 81
107 108
27 86
109 43
109 85
109 110
57 83
57 16
55 81
17 95
111 112
111 76
86 28
82 87
64 89
64 28
90 92
90 113
83 16
114 92
84 94
84 115
84 116
84 101
84 117
118 119
118 120
112 119
112 76
112 16
87 89
96 105
47 121
47 29
100 13
115 116
119 120
119 76
119 16
122 29
122 123
81 94
81 101
81 105
14 85
29 121
29 123
120 76
95 94
43 51
43 110
16 51
101 105
124 125
124 126
124 127
128 113
109 129
127 83
127 126
130 96
130 90
17 95
17 94
125 81
126 106
83 55
118 120
99 122
99 13
99 100
100 13
131 101
113 122
94 95
132 133
132 109
134 94
134 135
134 136
134 137
134 100
133 138
133 106
54 95
126 81
137 94
137 100
137 139
140 141
140 142
140 131
140 143
144 83
144 106
144 55
83 106
83 55
106 55
129 109
145 146
96 81
96 147
148 143
148 131
142 141
142 143
142 131
100 135
131 141
131 143
131 149
131 150
138 151
147 95
147 81
81 95
150 149
141 143
94 139
