1550 1595
1550 1230
1550 1565
1550 1596
1554 1386
1597 1578
1527 1598
1527 1558
1519 1599
1556 1389
1556 1553
1600 1601
1600 1602
1600 1603
1561 1575
1561 1389
1561 1604
1561 1562
1561 1386
1561 1605
1561 1557
1606 1583
1606 1607
1606 1539
1606 1584
1464 1545
1551 1579
1607 1583
1607 1539
1607 1608
1607 1609
1557 1604
1557 1575
1557 1562
1610 1601
1610 1503
1610 1494
1611 1612
1611 1613
1611 1614
1611 1249
1545 1591
1545 1563
1545 1483
1563 1474
1563 1483
1613 1612
1613 1614
1613 1249
1615 1531
1615 1522
1615 1596
1494 1489
1494 1491
1573 1616
1562 1604
1562 1575
1580 1617
1580 1471
1580 1618
1619 1474
1619 1620
1517 1249
1517 1621
1489 1491
1603 1495
1603 1622
1603 1623
1624 1526
1624 1536
1620 1474
1609 1598
1625 1626
1627 1538
1627 1522
1627 1484
1587 1628
1587 1621
1587 1471
1587 1618
1587 1629
1389 1386
1389 1605
1389 1553
1503 1601
1558 1538
1558 1484
1539 1583
1539 1584
1602 1601
1612 1614
1612 1628
1612 1533
1612 1249
1630 1570
1630 1572
1629 1628
1629 1471
1629 1631
1629 1621
1628 1533
1628 1471
1628 1621
1628 1631
1632 1566
1633 1591
1571 1569
1571 1533
1230 1595
1230 1596
1617 1604
1617 1386
1605 1386
1354 1495
1354 1491
1354 1634
1531 1569
1531 1522
1531 1596
1531 1484
1495 1622
1495 1491
1595 1596
1577 1622
1604 1575
1604 1386
1570 1572
1614 1249
1471 1621
1471 1618
1491 1566
1522 1596
1522 1484
1635 1565
1635 1533
1526 1536
1565 1533
1569 1484
1484 1538
1550 1551
1554 1553
1557 1575
1557 1562
1527 1484
1519 1495
1600 1577
1600 1636
1600 1637
1600 1579
1600 1603
1561 1573
1561 1605
1561 1562
1561 1574
1638 1585
1638 1586
1638 1639
1638 1640
1464 1545
1641 1545
1607 1605
1642 1538
1642 1643
1545 1591
1644 1579
1613 1628
1613 1617
1613 1565
1615 1595
1615 1531
1615 1230
1615 1596
1573 1574
1562 1605
1639 1585
1639 1586
1585 1586
1585 1616
1603 1636
1603 1637
1603 1602
1624 1474
1645 1612
1645 1635
1646 1495
1646 1354
1646 1647
1586 1616
1627 1538
1627 1588
1627 1484
1627 1572
1587 1386
1587 1618
1587 1621
1588 1538
1588 1572
1637 1636
1637 1648
1578 1649
1650 1598
1579 1647
1579 1651
1579 1577
1579 1354
1612 1628
1612 1532
1647 1495
1647 1354
1647 1651
1628 1565
1538 1643
1230 1595
1230 1531
1230 1596
1617 1652
1617 1653
1354 1495
1354 1651
1531 1595
1531 1596
1654 1386
1595 1596
1598 1648
1598 1533
1491 1648
1491 1655
1649 1546
1649 1594
1652 1653
1594 1546
1621 1386
1621 1618
1526 1618
1618 1536
1533 1648
1536 1656
1655 1648
1656 1657
1484 1572
1633 1657
1633 1658
1657 1658
1647 1579
1647 1549
1550 1551
1489 1659
1489 1615
1489 1648
1489 1655
1585 1640
1628 1621
1557 1575
1557 1640
1557 1562
1635 1650
1635 1533
1660 1661
1603 1636
1603 1662
1603 1637
1603 1587
1633 1656
1633 1657
1659 1615
1526 1617
1606 1605
1565 1538
1565 1627
1565 1663
1574 1573
1574 1561
1561 1573
1561 1607
1657 1656
1657 1545
1657 1624
1636 1637
1636 1662
1636 1587
1641 1545
1641 1591
1664 1488
1533 1650
1578 1546
1595 1531
1627 1538
1627 1588
1587 1637
1587 1662
1545 1624
1545 1591
1655 1648
1596 1615
1613 1652
1648 1491
1538 1558
1615 1531
1662 1637
1602 1594
1602 1649
1518 1665
1633 1657
1554 1636
1585 1640
1585 1638
1557 1575
1557 1616
1635 1650
1635 1533
1660 1354
1666 1594
1666 1549
1659 1596
1667 1617
1618 1587
1638 1640
1575 1616
1605 1607
1606 1668
1545 1641
1627 1538
1627 1588
1655 1648
1655 1491
1668 1650
1596 1572
1613 1663
1648 1491
1669 1573
1658 1641
1594 1549
1550 1670
1550 1627
1550 1533
1550 1595
1554 1636
1628 1650
1628 1635
1671 1588
1635 1650
1635 1618
1635 1533
1672 1673
1672 1674
1672 1657
1666 1594
1675 1538
1675 1627
1675 1588
1675 1558
1676 1606
1673 1674
1673 1657
1618 1677
1618 1587
1678 1617
1678 1605
1678 1575
1575 1617
1575 1605
1575 1616
1617 1605
1679 1680
1679 1579
1679 1491
1679 1661
1681 1640
1681 1658
1533 1595
1533 1650
1674 1682
1674 1594
1674 1657
1661 1491
1595 1596
1627 1670
1587 1657
1655 1491
1588 1558
1596 1558
1683 1594
1683 1684
1657 1682
1685 1650
1686 1579
1684 1594
1680 1579
