1108 1137
1130 1138
1131 1139
1130 1139
1140 1141
1142 1139
1142 1136
1142 1143
1144 1145
1146 1147
1146 1148
1149 1150
1147 1148
1151 1139
1139 1136
1152 1153
1152 1154
1140 1155
1156 1157
1156 1158
1156 1159
1156 1160
1156 1161
1156 1162
1156 1163
1159 1157
1159 1158
1159 1160
1159 1161
1159 1162
1159 1163
1164 1165
1164 1166
1164 1155
1164 1167
1168 1169
1168 1170
1165 1166
1165 1167
1171 1146
1166 1172
1166 1167
1154 1153
1173 1160
1173 1145
1173 1174
1149 1175
1149 1176
1149 1177
1149 1178
1149 1179
1149 1180
1161 1157
1161 1158
1161 1160
1161 1162
1161 1163
1181 1182
1183 1150
1184 1185
1184 1124
1169 1170
1186 1187
1187 1124
1188 1189
1188 1124
1157 1158
1157 1160
1157 1162
1157 1163
1162 1158
1162 1160
1162 1163
1177 1175
1177 1176
1177 1179
1177 1178
1177 1180
1185 1124
1175 1176
1175 1178
1175 1179
1175 1180
1158 1160
1158 1163
1160 1163
1176 1178
1176 1179
1176 1180
1180 1178
1180 1179
1179 1178
1190 1191
1190 1187
1190 1192
1193 1194
1193 1155
1193 1184
1164 1163
1191 1195
1191 1124
1191 1192
1191 1187
1191 1196
1191 1197
1191 1188
1198 1144
1199 1200
1199 1201
1199 1173
1202 1203
1202 1204
1202 1124
1202 1205
1202 1206
1202 1207
1202 1196
1202 1208
1209 1124
1171 1210
1171 1158
1211 1212
1211 1213
1211 1159
1211 1214
1166 1204
1166 1208
1215 1148
1216 1217
1216 1173
1216 1218
1219 1188
1220 1221
1220 1210
1220 1222
1220 1208
1223 1224
1223 1217
1223 1225
1223 1226
1223 1207
1227 1182
1227 1228
1229 1173
1230 1231
1230 1182
1173 1232
1173 1218
1195 1196
1195 1197
1210 1222
1210 1221
1210 1172
1210 1208
1233 1222
1233 1234
1233 1235
1233 1236
1237 1170
1237 1238
1237 1239
1192 1187
1206 1217
1206 1218
1206 1207
1240 1235
1240 1239
1212 1213
1212 1159
1212 1214
1194 1155
1194 1184
1217 1224
1217 1225
1217 1218
1217 1207
1174 1144
1214 1158
1184 1155
1231 1241
1231 1182
1242 1243
1197 1196
1197 1124
1197 1188
1187 1241
1187 1222
1187 1234
1244 1146
1244 1170
1244 1245
1224 1207
1224 1225
1224 1226
1146 1170
1146 1245
1204 1205
1204 1218
1204 1196
1204 1189
1204 1208
1170 1245
1170 1239
1170 1238
1205 1218
1205 1196
1205 1189
1205 1208
1225 1207
1159 1213
1239 1238
1239 1235
1201 1200
1196 1208
1203 1124
1172 1221
1172 1222
1172 1208
1208 1221
1228 1182
1241 1222
1241 1234
1241 1182
1124 1188
1222 1234
1222 1235
1218 1207
1218 1189
1145 1148
1246 1247
1246 1182
1247 1182
1159 1164
1159 1248
1159 1174
1159 1166
1159 1163
1159 1249
1168 1250
1168 1215
1168 1251
1168 1252
1168 1253
1254 1233
1255 1173
1256 1257
1256 1258
1256 1259
1215 1251
1215 1252
1260 1261
1260 1262
1260 1263
1237 1252
1237 1244
1174 1163
1174 1173
1174 1264
1174 1164
1262 1172
1262 1261
1262 1205
1262 1263
1265 1124
1265 1266
1265 1267
1265 1185
1225 1224
1225 1268
1225 1226
1225 1124
1269 1270
1257 1258
1257 1259
1185 1124
1185 1266
1158 1248
1271 1272
1271 1166
1250 1252
1250 1253
1273 1274
1273 1210
1273 1163
1273 1208
1224 1268
1224 1226
1275 1274
1275 1276
1275 1210
1275 1234
1275 1277
1275 1166
1275 1163
1229 1173
1173 1264
1258 1259
1266 1124
1236 1278
1272 1166
1248 1249
1210 1274
1210 1277
1210 1163
1210 1208
1200 1279
1234 1230
1234 1252
1246 1187
1246 1136
1264 1259
1264 1155
1264 1164
1199 1201
1199 1155
1199 1280
1280 1201
1280 1155
1166 1276
1166 1277
1230 1252
1252 1251
1252 1253
1252 1244
1195 1163
1195 1204
1206 1204
1187 1136
1204 1163
1204 1281
1155 1201
1226 1268
1277 1274
1277 1276
1277 1163
1241 1208
1282 1283
1249 1163
1164 1163
1261 1263
1284 1274
1284 1263
1284 1208
1274 1263
1274 1163
1274 1208
1208 1263
1208 1285
1159 1286
1159 1287
1159 1288
1159 1166
1289 1290
1289 1163
1289 1291
1289 1267
1289 1266
1292 1293
1292 1294
1292 1295
1292 1296
1256 1297
1256 1298
1299 1291
1299 1267
1299 1300
1299 1290
1299 1301
1299 1187
1299 1266
1302 1303
1302 1276
1302 1304
1302 1305
1302 1306
1302 1163
1302 1208
1307 1230
1307 1234
1307 1308
1297 1298
1297 1155
1297 1259
1297 1309
1310 1226
1225 1217
1225 1204
1158 1311
1158 1279
1158 1312
1158 1288
1158 1313
1158 1163
1308 1230
1314 1315
1314 1316
1317 1201
1243 1234
1318 1146
1318 1319
1320 1199
1320 1201
1320 1155
1316 1315
1316 1249
1316 1321
1322 1323
1274 1261
1274 1263
1291 1267
1291 1187
1291 1324
1291 1163
1291 1266
1325 1295
1325 1173
1325 1326
1309 1155
1327 1163
1327 1328
1173 1294
1173 1229
1173 1329
1173 1295
1173 1293
1173 1217
1173 1326
1173 1216
1146 1319
1300 1290
1300 1301
1330 1293
1266 1287
1266 1290
1266 1267
1266 1331
1266 1301
1266 1332
1266 1187
1266 1324
1266 1333
1266 1208
1236 1278
1236 1334
1236 1267
1301 1290
1301 1331
1301 1332
1301 1333
1301 1209
1305 1303
1305 1163
1305 1304
1333 1331
1333 1324
1333 1332
1210 1335
1210 1328
1312 1311
1312 1279
1312 1315
1312 1288
1312 1313
1312 1163
1295 1294
1295 1229
1295 1296
1295 1293
1295 1155
1295 1326
1286 1336
1286 1311
1286 1287
1286 1166
1286 1277
1286 1337
1234 1230
1304 1303
1304 1306
1304 1163
1264 1253
1338 1287
1338 1321
1267 1233
1267 1290
1267 1278
1267 1187
1267 1334
1199 1201
1199 1155
1199 1339
1331 1332
1321 1249
1321 1287
1166 1287
1166 1277
1216 1294
1216 1293
1187 1287
1187 1208
1288 1311
1288 1279
1288 1313
1288 1163
1337 1336
1337 1311
1340 1341
1204 1217
1204 1281
1279 1311
1279 1342
1279 1253
1279 1313
1279 1163
1155 1229
1155 1201
1155 1334
1315 1164
1226 1224
1226 1217
1277 1287
1313 1311
1313 1163
1294 1296
1294 1293
1276 1208
1229 1217
1249 1328
1303 1163
1303 1306
1287 1208
1278 1334
1261 1263
1311 1336
1311 1163
1342 1253
1296 1293
1217 1224
1293 1263
1328 1163
1208 1163
1159 1343
1159 1344
1159 1345
1159 1292
1292 1346
1292 1347
1292 1344
1292 1345
1292 1343
1292 1163
1292 1249
1256 1348
1299 1349
1299 1163
1299 1266
1350 1351
1352 1353
1352 1253
1354 1355
1354 1356
1308 1357
1358 1359
1358 1164
1358 1360
1358 1361
1358 1201
1358 1362
1358 1363
1250 1253
1363 1359
1363 1360
1363 1361
1363 1201
1363 1362
1364 1173
1364 1365
1364 1362
1364 1201
1366 1367
1351 1224
1351 1368
1351 1369
1345 1344
1345 1343
1370 1146
1327 1302
1327 1303
1327 1346
1327 1371
1327 1304
1230 1357
1173 1201
1173 1362
1173 1360
1146 1372
1300 1278
1300 1290
1330 1249
1343 1344
1343 1373
1343 1163
1374 1349
1374 1375
1374 1291
1266 1290
1266 1163
1266 1291
1376 1281
1376 1377
1378 1231
1378 1379
1333 1331
1323 1380
1348 1365
1381 1231
1353 1253
1302 1371
1304 1303
1304 1355
1359 1382
1359 1164
1359 1360
1359 1361
1359 1201
1359 1362
1369 1224
1369 1226
1369 1368
1362 1360
1362 1201
1362 1361
1383 1209
1384 1371
1291 1349
1291 1375
1361 1360
1361 1201
1349 1375
1367 1385
1367 1277
1231 1379
1379 1372
1368 1224
1226 1261
1277 1385
1355 1356
1355 1346
1355 1303
1281 1377
1373 1163
1373 1164
1249 1386
1303 1346
1164 1365
1360 1201
1290 1278
1365 1201
1386 1347
1346 1163
