152 145
153 154
132 94
132 78
132 109
132 144
78 151
78 109
78 144
134 141
134 155
155 145
155 141
155 150
155 140
140 94
144 83
83 151
83 156
145 96
157 158
157 109
81 94
81 55
150 141
151 109
94 109
94 55
159 160
159 161
159 109
159 162
163 164
163 165
163 144
166 94
166 167
166 168
166 169
170 145
170 171
170 165
161 109
161 160
161 162
132 94
132 160
132 171
132 109
169 167
169 168
109 160
172 173
162 160
144 164
144 165
83 164
145 171
145 174
145 81
145 175
145 176
160 171
177 173
96 156
96 164
168 178
168 167
179 134
179 180
179 150
181 182
181 141
181 180
181 150
182 141
182 180
174 171
174 81
174 180
81 176
81 143
165 171
165 164
150 134
150 180
150 141
175 156
175 55
141 180
180 134
183 156
156 143
156 55
176 143
184 185
184 186
184 187
184 188
184 189
184 190
184 180
191 181
191 192
166 193
166 194
159 195
196 197
132 193
132 198
132 109
132 94
199 200
199 201
134 202
203 204
203 205
186 188
186 187
186 180
205 206
205 81
205 204
162 167
162 178
185 189
185 190
207 208
207 94
207 209
210 156
210 204
210 81
210 211
210 197
210 212
213 208
213 209
213 165
213 214
215 181
215 180
215 150
144 206
144 96
144 164
197 81
197 156
197 204
197 212
192 216
178 167
217 218
217 200
217 219
217 55
96 206
193 188
193 94
193 194
193 220
214 208
214 109
214 209
214 165
206 164
212 211
212 81
212 204
195 220
188 187
188 220
188 221
188 180
188 222
222 221
183 211
209 208
209 94
209 165
165 208
218 200
218 219
218 55
189 190
81 156
81 204
201 200
150 181
150 176
150 180
181 156
181 164
181 143
164 156
164 223
164 143
180 187
180 224
180 179
180 176
225 200
225 219
208 94
198 109
179 224
200 219
200 55
219 55
143 156
226 227
228 227
229 227
230 231
232 227
201 227
159 233
159 234
159 235
159 232
166 109
166 228
232 228
232 236
232 237
232 229
232 230
232 234
238 239
238 240
238 241
238 242
238 188
243 164
243 244
245 195
245 196
245 246
245 220
245 247
200 248
200 219
200 55
212 81
212 219
212 156
181 192
181 180
249 250
249 172
249 251
249 252
226 201
183 253
183 254
183 164
81 255
180 256
180 192
180 257
180 188
258 195
258 228
258 237
258 132
258 234
258 259
156 260
156 171
228 237
228 229
228 230
228 109
219 55
219 261
219 248
210 262
244 164
263 264
263 265
263 266
234 195
234 132
234 259
132 195
132 233
132 237
132 259
241 239
241 240
241 242
251 250
251 172
251 252
264 266
264 265
253 254
267 268
267 236
269 175
248 55
246 247
246 220
270 271
270 167
270 261
270 272
270 175
270 273
220 195
220 196
273 271
273 261
273 274
273 272
273 175
196 195
213 109
275 192
274 271
274 261
240 239
240 242
276 268
276 259
277 262
277 278
277 279
277 266
272 271
272 167
272 261
272 175
188 256
188 257
271 261
271 175
230 236
230 237
230 229
250 172
250 252
262 278
262 280
262 279
262 281
262 266
252 172
229 236
229 237
282 256
282 280
282 281
265 266
242 239
242 259
233 235
237 236
283 235
266 278
266 279
278 279
261 167
261 175
96 206
96 164
268 259
195 259
280 202
280 256
280 257
280 281
257 256
257 202
281 256
164 206
284 188
132 285
132 286
132 233
132 287
132 288
132 289
132 180
290 226
290 194
290 55
290 230
290 232
290 201
288 289
291 292
291 293
232 226
232 201
238 276
166 294
166 295
166 234
296 297
296 274
296 298
296 273
299 300
299 168
299 301
302 303
302 304
302 265
302 305
302 306
302 263
302 307
302 212
298 274
298 273
298 297
200 248
212 308
212 303
181 309
181 310
226 201
285 311
285 287
285 180
312 229
312 313
312 194
301 300
301 168
314 194
314 313
180 287
258 315
156 253
156 316
156 317
219 274
219 272
318 316
318 319
263 320
263 307
263 306
263 304
234 294
309 310
309 321
229 194
320 262
313 194
322 220
322 164
323 248
304 307
304 306
304 265
324 261
324 248
324 272
253 316
253 317
325 96
325 326
325 327
328 268
248 261
248 272
319 327
319 316
319 96
307 265
307 306
307 329
194 167
194 286
194 55
194 230
194 201
287 330
287 289
220 164
273 274
273 297
300 168
316 317
286 233
286 167
286 236
276 188
276 330
276 221
276 250
331 283
274 297
274 272
272 261
289 330
188 242
188 221
332 333
305 327
305 303
230 201
230 55
250 330
179 330
297 334
282 256
282 280
282 257
55 201
306 329
233 235
233 335
336 281
335 235
96 327
96 326
327 326
280 256
280 257
257 256
166 337
338 195
338 188
338 339
340 179
341 226
337 342
337 343
232 344
316 272
316 219
316 212
345 346
345 312
347 321
348 349
348 350
253 96
253 319
253 318
253 212
339 195
339 188
272 219
272 351
212 219
212 319
195 188
226 352
353 236
319 318
219 354
290 236
290 339
290 355
290 356
290 179
290 357
358 272
238 359
238 360
361 362
361 357
361 363
361 364
361 365
253 348
253 350
253 265
253 366
253 367
253 307
253 212
368 369
368 370
371 268
372 373
372 272
374 375
179 357
376 377
378 233
378 339
350 348
350 265
350 379
350 96
350 380
381 382
360 258
360 383
360 359
96 348
96 380
384 385
384 386
380 379
380 348
387 219
387 354
258 383
219 388
219 354
389 390
263 391
263 265
263 392
356 393
356 339
307 366
362 365
392 394
392 265
337 342
337 395
396 397
396 398
385 366
385 272
395 342
399 317
345 400
401 402
369 370
369 403
369 404
363 357
363 364
405 236
348 265
348 379
269 167
269 406
357 364
407 274
407 370
407 408
409 233
409 274
410 411
339 236
339 233
408 370
272 195
272 402
272 412
413 195
413 412
414 233
414 375
414 415
402 195
402 412
416 417
406 167
398 397
375 415
195 412
418 419
418 373
420 419
420 421
290 238
290 179
290 360
422 423
358 384
358 377
358 386
424 356
424 343
424 382
238 179
238 360
425 426
361 357
361 364
427 428
427 429
253 430
253 265
253 304
368 342
368 341
431 432
431 433
431 201
431 382
372 195
179 360
434 435
434 354
434 269
434 329
434 436
212 406
350 379
437 438
381 439
381 409
360 383
360 321
384 377
384 386
440 412
219 218
219 233
219 441
219 442
219 167
263 167
356 395
356 236
356 201
307 399
307 443
362 365
354 269
354 435
354 436
337 433
337 345
396 397
385 402
428 444
428 375
428 429
394 413
399 265
399 443
304 265
345 433
444 342
444 375
444 445
421 402
421 419
421 321
446 268
446 382
269 435
269 436
269 329
377 412
377 386
357 364
445 342
447 448
407 274
409 274
409 439
436 435
449 342
341 342
286 432
343 416
343 382
435 329
441 167
441 442
402 321
430 348
430 438
416 450
382 432
382 268
442 167
201 236
438 348
415 451
373 419
420 419
420 373
420 452
453 454
290 342
290 455
290 286
290 456
290 356
290 179
238 457
361 357
361 363
361 364
427 218
427 428
427 429
458 321
368 459
460 253
460 442
460 423
460 461
462 463
464 419
464 373
372 465
372 466
179 432
179 286
434 269
350 300
381 409
467 468
467 451
468 451
469 413
469 470
469 471
469 443
219 218
219 233
471 413
471 463
471 399
356 432
472 443
395 459
395 445
395 201
428 218
428 375
428 429
473 286
474 274
474 409
253 442
253 423
253 461
363 357
363 364
455 342
475 307
475 399
357 364
357 476
307 399
445 459
477 432
407 274
409 274
429 218
478 218
479 195
479 480
481 482
423 442
423 461
452 373
342 459
454 483
470 373
470 483
406 167
406 442
375 433
375 415
433 415
442 167
442 461
480 195
399 463
373 419
373 483
420 419
420 464
290 365
358 384
358 472
484 307
355 485
238 486
238 179
361 363
361 364
427 428
427 487
460 423
481 488
464 419
489 490
489 321
434 491
350 492
493 478
381 274
381 409
467 428
471 443
494 406
263 477
495 477
465 466
395 201
428 487
473 496
363 364
490 321
445 342
445 459
409 274
462 300
462 403
300 403
342 459
497 236
497 498
499 403
442 406
454 483
233 498
487 459
461 379
