52 52 17 16 28 19
14 6 24 4 0 1
113 65 9 11 25 0
139 20 17 0 0 1
14 50 17 4 0 1
113 33 22 14 24 3
20 2 37 11 17 21
18 54 17 4 25 19
73 62 29 0 0 1
52 34 29 4 25 1
20 15 27 6 29 10
137 17 30 4 25 19
77 22 5 4 15 19
52 37 30 3 25 19
43 24 1 4 25 19
77 52 41 10 25 19
12 30 29 0 0 1
70 51 29 0 0 1
23 61 17 4 0 1
109 29 4 4 10 19
83 17 29 0 0 1
129 3 10 12 12 5
16 5 9 4 9 19
16 62 29 4 10 19
57 36 35 4 25 1
62 57 29 0 0 1
33 27 38 4 25 19
138 37 21 11 8 16
89 52 18 4 24 21
94 14 17 0 0 1
1 1 3 5 25 19
1 63 24 2 16 8
1 1 3 0 1 27
101 25 29 0 0 1
12 36 25 14 27 29
140 56 29 4 0 1
108 21 31 9 25 19
104 43 17 4 0 1
72 60 5 4 14 19
82 61 29 0 0 1
55 57 29 0 0 1
129 10 26 4 25 1
109 38 2 11 1 21
1 65 29 0 0 1
1 47 39 0 0 21
1 65 29 0 0 1
1 12 9 2 19 12
1 1 16 11 24 19
1 15 29 0 0 1
33 4 41 4 25 19
79 24 17 0 0 1
23 20 17 0 0 1
103 56 40 4 25 9
44 61 29 17 13 3
23 57 29 0 0 1
49 4 13 11 6 7
149 6 17 4 0 1
79 10 5 14 12 12
38 28 24 4 25 19
1 1 16 4 25 1
1 1 23 5 25 19
1 1 41 4 0 1
1 1 8 21 25 19
1 18 40 4 25 1
1 1 0 2 13 22
1 48 36 4 2 19
1 1 9 2 16 18
1 1 22 3 28 18
1 9 6 4 0 19
1 10 29 0 0 1
3 61 29 0 0 1
3 66 25 4 25 19
1 39 29 0 0 1
1 4 33 11 24 21
1 59 29 0 0 1
15 16 17 4 0 1
1 17 29 0 0 1
1 59 29 0 27 8
3 7 18 4 25 19
1 20 29 0 0 1
1 50 7 0 0 1
1 14 29 22 25 19
1 65 29 0 0 1
1 31 31 16 24 0
1 13 29 0 0 1
15 61 32 4 0 1
1 22 24 9 25 19
1 39 28 4 25 19
1 14 29 0 0 1
1 29 41 4 25 11
1 1 32 5 25 1
1 1 3 11 28 0
1 1 32 23 25 19
62 18 29 17 28 18
15 57 29 10 25 25
1 1 4 11 3 19
1 1 0 5 25 19
1 1 3 5 25 7
1 48 29 21 0 1
1 1 3 8 7 21
1 61 0 4 25 19
1 39 36 4 25 19
1 43 41 4 0 22
1 39 24 4 0 1
1 47 12 4 25 19
1 61 29 0 0 1
1 27 35 4 25 19
1 20 17 0 0 1
45 67 36 9 25 19
1 26 1 24 25 26
1 43 29 0 0 1
6 30 29 0 0 1
1 66 26 4 0 29
1 50 37 2 14 21
1 33 20 4 25 16
1 31 39 12 4 19
1 67 9 0 0 1
1 9 2 11 24 10
1 47 39 11 4 7
1 33 12 12 24 10
1 50 19 1 8 29
1 65 29 0 0 1
6 61 29 0 0 1
1 30 12 4 15 19
1 20 35 4 0 1
155 66 6 4 25 1
1 1 39 11 25 19
1 1 34 4 25 19
1 7 29 0 0 1
3 3 29 0 0 1
17 20 29 0 0 1
1 6 17 0 0 1
1 23 2 21 9 19
1 6 36 10 9 19
1 8 30 21 24 0
1 61 17 0 0 1
1 56 29 4 0 1
3 61 29 0 0 1
1 31 5 4 25 7
1 7 29 0 0 1
1 11 26 13 25 19
1 27 17 4 0 1
1 22 11 4 0 1
1 17 29 0 0 1
1 6 29 0 0 1
1 35 29 0 0 1
1 6 17 4 0 21
99 17 17 4 10 19
87 57 29 0 0 1
73 47 36 12 28 19
21 5 17 4 0 1
40 19 1 4 25 1
69 8 30 4 25 19
14 7 17 0 0 1
95 49 33 11 28 19
1 47 33 7 25 19
1 20 34 4 0 1
1 29 38 5 3 19
98 24 18 9 25 19
90 27 19 21 25 19
1 50 31 5 6 25
18 2 33 7 25 2
56 57 29 0 0 1
1 28 33 11 28 13
1 61 29 0 0 1
90 36 6 4 25 19
71 17 42 16 25 19
99 16 17 4 25 1
50 3 12 4 25 19
67 43 30 4 25 19
118 21 33 14 10 23
27 3 26 23 27 15
97 6 14 21 25 19
46 16 5 7 32 19
58 28 36 4 25 19
26 9 10 16 14 10
30 22 7 4 25 19
92 66 17 1 8 16
156 57 4 4 0 1
85 57 29 0 0 1
71 17 35 18 26 23
65 61 10 14 25 19
89 5 31 16 17 0
150 17 29 0 0 1
71 31 22 14 12 9
1 25 29 0 0 1
66 10 12 11 28 19
9 27 29 0 12 22
97 57 29 0 0 1
20 57 29 0 0 1
50 20 17 0 0 1
50 57 29 0 0 1
25 19 17 21 25 19
24 24 15 24 25 11
40 8 13 20 22 23
97 3 17 4 0 1
102 57 29 0 0 1
102 57 17 0 0 1
124 5 18 4 25 19
37 37 37 11 24 22
26 4 5 11 24 3
67 13 23 9 25 19
42 60 28 21 25 19
148 3 37 24 29 2
125 57 29 0 0 1
125 57 29 0 0 1
1 48 26 4 25 19
1 48 4 0 25 19
1 14 9 11 25 19
1 19 2 4 25 19
1 40 29 0 0 1
1 28 7 4 25 19
1 64 1 4 0 1
45 65 34 4 0 1
1 20 25 4 25 8
1 13 9 4 0 1
1 29 39 9 25 19
1 1 5 4 27 19
1 1 30 4 4 25
1 1 40 5 25 3
1 1 12 4 0 1
1 18 11 4 0 1
85 57 4 4 0 1
6 57 32 4 0 1
1 48 26 4 0 1
1 1 2 4 0 1
1 1 32 4 0 1
1 39 34 4 0 1
1 1 3 8 27 27
1 1 3 8 25 19
1 1 3 11 20 10
1 1 3 5 25 19
1 1 3 8 25 19
1 1 3 11 25 1
1 1 3 13 25 19
1 1 3 8 25 7
31 18 29 3 25 1
1 1 3 11 25 10
1 12 19 3 25 19
1 58 17 0 0 1
1 61 29 0 0 1
1 28 17 0 0 1
1 34 17 4 0 1
1 58 17 0 0 1
1 28 17 0 0 1
1 11 17 4 0 1
1 58 17 0 0 1
1 58 29 0 5 1
1 62 29 0 0 1
1 62 29 0 0 1
3 61 29 0 0 1
1 6 29 0 0 1
45 30 29 0 19 16
1 33 22 10 16 17
1 62 29 0 0 1
1 62 29 0 0 1
1 60 29 0 0 1
1 15 17 23 25 15
1 1 36 24 25 3
1 1 1 4 0 1
1 10 6 4 25 19
1 42 26 6 25 19
1 41 19 3 25 22
1 61 19 4 25 1
73 37 33 4 25 19
75 47 30 5 20 22
1 45 37 4 25 5
1 16 5 21 25 11
1 3 34 4 25 1
1 2 20 19 25 19
1 1 3 0 13 19
1 1 3 0 9 22
1 1 3 0 9 11
31 57 17 0 32 19
1 1 3 0 4 10
1 48 17 0 10 19
110 3 17 4 0 1
73 27 9 6 1 25
57 30 17 0 0 1
93 57 29 0 0 1
0 14 17 0 0 1
127 25 29 0 0 1
34 57 29 0 0 1
5 56 4 4 25 1
1 32 38 5 25 19
1 19 41 4 27 19
1 29 24 4 0 1
1 29 39 5 21 22
1 3 29 1 5 0
100 59 29 0 0 1
1 15 19 4 25 19
1 12 39 4 25 19
98 66 17 4 25 1
50 57 29 0 0 1
9 65 23 4 0 27
5 56 9 19 2 21
42 32 29 4 0 1
67 17 29 4 25 1
46 32 17 1 25 19
42 50 29 0 0 1
93 25 29 0 0 1
14 61 33 14 30 19
42 30 29 0 0 1
42 65 29 0 0 1
42 25 29 0 0 1
83 57 29 0 0 1
82 57 29 24 29 19
105 39 17 4 0 1
145 28 34 4 25 19
46 28 29 4 0 1
96 66 17 0 0 1
18 10 37 22 25 19
42 14 29 0 0 1
10 54 42 13 25 19
106 0 11 3 25 19
113 57 29 0 0 1
42 55 33 9 25 19
91 25 29 0 0 1
10 60 29 14 27 29
35 42 2 16 13 19
47 54 40 3 25 19
85 57 29 10 25 1
1 1 3 0 0 7
1 1 3 0 0 2
93 17 29 8 25 12
42 57 29 0 0 1
102 57 29 0 0 1
91 25 29 0 0 1
27 48 17 0 0 1
22 57 29 11 28 19
82 32 6 23 25 19
21 39 28 11 25 19
40 39 28 23 25 19
82 15 2 22 25 19
1 1 3 0 30 21
1 1 3 0 19 7
1 61 17 4 0 1
15 39 13 19 25 19
1 1 3 0 33 3
1 1 3 0 24 3
1 1 3 0 8 19
1 48 29 0 5 1
1 1 3 0 23 19
1 1 3 0 33 5
1 1 3 0 10 19
1 1 3 0 10 19
1 1 3 0 31 19
1 1 3 0 31 19
1 11 29 0 0 1
1 11 29 0 0 1
1 1 35 4 0 1
1 1 37 4 14 4
1 1 23 9 25 8
1 1 11 4 14 19
1 1 37 4 4 10
1 48 4 0 0 1
1 1 27 0 0 1
62 57 32 0 0 1
1 1 14 9 25 1
1 1 11 4 0 1
123 37 33 22 19 23
3 27 14 4 25 17
1 61 17 4 25 1
1 27 10 0 0 1
1 52 24 4 25 19
1 2 7 21 25 11
1 14 17 4 0 1
1 19 4 4 0 1
76 14 17 4 25 5
1 61 29 0 0 1
1 1 3 22 23 21
1 1 4 10 25 19
1 1 3 8 25 19
1 1 3 8 25 19
1 1 3 6 6 7
1 1 3 8 25 19
1 1 3 19 31 25
1 1 3 14 17 5
1 1 28 10 25 19
1 1 3 19 9 19
1 6 29 0 0 1
1 11 29 0 0 1
1 10 21 2 25 21
1 62 17 4 0 1
29 10 34 21 25 19
1 58 29 6 25 19
1 11 17 0 0 1
1 58 17 0 0 1
1 58 17 0 0 1
1 7 35 4 0 1
1 58 17 0 0 1
1 1 19 4 25 1
1 1 23 23 13 19
1 1 7 4 8 19
1 1 5 0 0 19
1 1 34 0 27 19
1 1 32 4 25 19
11 17 4 0 8 19
122 12 39 4 25 1
1 18 27 4 25 25
1 1 27 13 3 26
14 20 29 0 0 1
113 30 17 13 25 19
125 17 0 0 0 1
147 65 29 0 0 1
152 59 17 0 32 21
138 56 31 9 13 19
113 23 7 9 25 19
36 8 34 3 22 29
1 15 42 5 25 19
1 46 33 3 25 4
3 7 29 0 0 1
1 17 29 0 0 1
1 19 29 0 0 1
1 3 29 3 25 1
1 6 17 0 0 1
1 48 29 0 0 1
1 32 24 4 25 10
1 24 1 9 14 19
1 1 41 4 25 1
24 7 27 7 26 23
12 17 29 0 0 1
1 29 29 0 24 1
1 61 29 0 13 5
56 10 23 4 25 1
36 14 29 0 0 3
124 60 11 4 8 10
106 3 28 4 0 1
71 32 1 0 0 1
18 24 17 4 0 1
153 19 29 4 25 19
153 61 29 4 25 19
62 57 29 0 0 1
47 4 33 4 25 19
38 61 29 0 0 1
27 17 29 0 0 1
86 51 11 0 0 1
110 36 9 3 6 9
86 57 29 0 0 1
65 20 17 4 0 1
21 61 24 4 24 14
8 56 40 6 25 19
9 17 17 4 25 19
9 57 29 0 0 1
9 57 29 0 0 1
9 7 5 22 29 19
12 4 19 17 25 5
103 43 8 0 0 1
36 65 17 0 0 1
14 51 29 0 0 1
85 61 29 0 0 1
134 25 29 0 0 1
1 6 17 0 0 1
1 1 3 0 9 20
1 1 3 0 30 19
1 1 3 0 14 19
1 1 3 0 22 19
1 1 3 0 30 19
1 1 3 0 31 19
1 1 3 0 31 6
1 1 3 0 7 6
1 18 29 0 32 17
1 1 3 0 6 7
1 48 5 4 0 1
76 57 36 4 25 19
1 1 1 4 25 1
1 1 27 22 25 19
25 17 5 4 7 21
1 59 35 22 25 19
1 18 10 4 0 1
1 47 31 24 24 3
1 30 29 0 0 1
1 30 40 19 31 27
1 50 29 0 0 1
1 13 32 4 0 1
1 37 5 1 25 19
1 7 29 0 0 1
1 33 9 9 25 19
1 1 42 22 3 26
1 1 5 4 25 19
1 1 6 4 0 1
1 61 14 4 25 19
123 12 20 23 12 9
1 43 29 0 0 1
1 50 38 19 19 19
1 20 29 6 25 1
1 6 17 0 0 1
1 19 27 4 25 19
1 65 14 4 25 19
1 50 29 0 0 1
1 51 29 0 0 1
1 42 10 14 17 26
1 1 11 4 25 23
1 1 34 4 25 1
1 1 14 4 25 1
17 57 24 4 0 1
1 1 24 4 25 5
66 57 20 4 25 1
1 1 41 4 25 1
1 18 38 4 25 1
1 1 24 4 0 1
1 13 26 13 25 15
1 35 29 0 0 1
1 30 17 1 25 16
1 50 29 0 0 1
1 43 29 13 25 19
1 11 17 0 0 1
1 18 8 4 0 1
1 27 29 0 0 1
1 27 38 12 25 19
1 28 17 4 0 1
1 47 26 4 25 19
1 13 17 0 0 1
1 28 17 0 0 1
1 42 29 0 0 1
1 15 39 6 7 7
6 48 29 0 0 1
1 4 16 17 33 3
1 61 24 4 25 19
1 4 41 4 25 19
1 47 7 4 24 27
96 7 29 0 0 1
3 62 29 0 0 1
1 37 23 11 18 2
1 39 12 4 25 19
1 14 21 4 0 19
1 14 29 0 0 1
1 6 4 4 0 1
62 51 17 0 0 1
1 19 29 0 0 1
1 39 17 0 0 1
1 61 22 24 12 13
1 31 14 9 25 19
1 13 10 4 25 1
1 37 34 9 25 15
1 22 11 11 25 15
1 11 29 0 0 1
1 29 23 11 7 22
1 48 29 0 0 1
1 62 29 0 0 1
1 6 5 2 24 19
1 42 29 8 25 19
96 41 2 1 31 19
62 66 26 4 0 19
106 61 29 0 0 1
99 37 34 2 25 19
85 35 29 0 30 1
133 57 29 0 0 1
33 36 1 4 0 1
85 30 29 0 0 1
102 19 42 11 9 19
11 54 23 11 17 21
50 64 26 0 0 1
52 22 1 4 25 1
111 56 40 19 9 8
139 20 29 0 0 1
146 24 17 4 25 1
133 52 29 0 0 1
62 57 29 0 0 1
38 57 29 0 0 1
87 61 29 0 0 1
4 13 12 24 14 13
85 5 2 10 13 22
87 5 28 4 25 22
12 7 25 0 0 1
61 54 27 11 28 16
47 34 1 4 24 13
127 27 38 12 12 19
25 36 0 14 16 25
109 36 17 4 24 21
68 51 9 4 5 1
9 43 29 0 0 1
72 59 29 0 0 1
1 1 3 0 8 16
1 1 3 0 0 18
1 1 14 9 25 0
1 1 3 0 0 28
1 1 3 0 0 15
1 1 3 0 0 0
1 18 29 0 0 15
1 1 0 4 0 1
1 1 3 0 0 20
1 1 3 0 0 0
1 15 17 4 25 1
1 43 24 9 32 19
155 42 33 21 25 19
1 17 32 4 25 19
1 43 29 0 0 1
1 61 29 0 0 1
1 30 29 0 0 1
1 30 29 0 0 1
1 34 29 0 0 1
1 3 17 0 0 1
17 35 29 0 0 1
1 28 2 4 0 9
1 43 29 0 0 1
1 50 2 4 25 11
142 20 29 0 0 1
1 13 29 0 0 1
1 24 26 4 14 23
1 6 17 0 0 1
1 37 37 24 25 19
1 50 23 23 25 19
1 1 42 4 25 19
1 35 29 0 0 1
1 11 29 0 0 1
1 64 29 0 0 1
1 3 29 0 0 1
1 31 12 23 24 14
1 20 2 4 0 1
1 15 39 11 28 18
1 61 29 0 0 1
1 50 15 5 20 22
1 30 42 16 29 14
15 59 21 4 25 19
1 61 29 4 0 1
1 7 1 4 0 1
1 2 1 11 25 19
1 63 22 4 25 19
1 50 5 3 25 0
1 48 29 0 0 1
1 28 35 21 25 19
1 1 32 5 25 19
1 1 24 4 0 1
62 42 20 5 24 2
1 42 10 1 27 19
1 11 7 21 25 19
1 5 17 16 25 19
1 31 9 2 25 19
1 28 17 4 0 1
1 47 17 4 0 1
1 35 29 0 0 1
1 41 39 4 25 19
1 63 8 4 25 1
1 39 30 17 28 21
1 15 29 0 5 1
1 63 40 24 12 19
1 6 17 0 0 1
1 58 17 0 0 1
1 28 17 0 0 1
1 61 29 0 0 1
1 59 29 0 0 1
3 7 42 7 19 0
1 51 18 11 12 19
1 39 17 0 0 1
1 61 29 0 0 1
1 50 18 4 25 19
1 60 37 4 0 1
1 23 22 4 0 1
3 52 17 4 0 1
1 13 29 0 10 3
3 41 11 4 0 1
1 55 17 4 0 21
1 30 29 0 0 1
1 28 28 4 0 1
1 59 36 24 14 23
1 28 12 11 24 21
1 66 29 0 0 1
1 8 6 14 6 19
1 34 24 0 25 19
15 54 17 22 25 19
1 7 29 0 5 1
1 6 17 4 0 1
1 40 17 0 0 1
1 30 4 0 0 19
1 1 39 5 25 12
85 17 35 21 9 11
1 1 24 4 25 1
1 29 38 4 25 19
91 25 29 0 0 1
9 35 29 0 0 1
93 25 29 0 0 1
93 38 13 5 1 28
91 25 29 0 5 1
10 57 29 0 0 1
9 51 29 0 0 1
9 57 29 0 0 1
112 59 16 11 30 21
44 57 29 0 0 1
1 1 10 4 25 19
1 39 18 4 25 19
0 36 0 14 25 25
13 57 29 0 0 1
13 14 26 0 0 1
40 57 9 4 0 1
136 57 29 0 0 1
78 2 5 7 9 22
87 57 29 0 0 1
87 20 17 0 0 1
24 24 39 18 25 19
35 57 29 0 0 1
1 1 16 4 25 7
1 1 4 5 25 19
1 1 42 0 0 1
1 36 36 4 25 23
1 1 42 4 25 1
1 1 37 4 25 19
1 1 38 12 25 19
1 48 24 4 25 19
1 1 3 0 31 20
1 1 3 0 32 20
1 18 29 0 5 1
1 1 14 4 5 1
1 1 14 4 5 1
143 57 29 0 5 1
1 1 14 4 5 1
143 57 29 0 5 1
1 18 29 0 5 1
1 48 29 0 5 1
1 37 33 4 9 10
1 61 29 0 0 1
1 61 29 0 5 1
1 64 17 0 0 1
1 20 29 0 0 1
155 50 32 4 0 1
1 59 21 24 25 7
1 20 29 0 0 1
1 7 29 0 0 1
1 32 19 4 2 4
1 59 4 0 0 1
1 61 17 0 0 1
1 37 11 4 29 23
1 2 7 0 26 19
1 20 29 0 0 1
1 65 29 0 0 1
1 4 17 4 25 19
1 22 14 4 27 19
1 8 41 4 25 1
1 67 10 4 25 1
129 5 13 15 9 24
1 1 32 4 0 1
1 42 20 1 8 8
1 30 29 0 0 15
1 30 17 0 0 1
1 39 39 24 25 19
1 19 29 0 0 1
1 31 34 7 25 19
1 50 17 21 25 1
6 57 6 0 0 1
1 18 32 4 25 19
1 1 9 14 25 3
1 18 32 22 9 15
1 1 4 19 25 2
1 36 41 8 25 19
1 30 29 0 0 1
1 1 9 4 25 23
40 57 14 4 0 1
77 9 39 9 25 19
100 60 14 22 25 4
146 39 10 21 25 19
74 9 33 24 26 12
91 25 29 0 5 1
124 14 29 0 0 1
93 57 9 4 0 1
71 38 13 8 32 17
11 60 27 3 25 19
154 54 23 17 24 21
1 51 29 21 0 1
1 1 15 4 25 1
1 1 21 4 0 1
1 64 29 0 0 1
1 1 31 19 17 19
1 1 0 0 24 1
1 1 13 4 25 19
1 18 1 4 0 1
1 1 42 4 0 1
26 28 22 4 25 27
1 1 38 4 25 1
1 1 21 19 4 6
1 47 39 4 25 10
1 47 5 18 17 19
1 28 17 0 0 1
75 2 37 5 25 4
1 2 20 4 5 19
155 47 39 2 25 19
1 67 17 0 0 1
153 43 29 0 0 1
30 2 33 22 12 19
7 24 28 4 22 18
34 61 29 0 0 1
46 13 17 0 0 1
1 34 29 0 0 1
1 2 20 4 0 1
1 8 9 4 24 19
1 34 29 0 0 1
1 10 29 0 0 1
1 36 9 4 25 3
1 66 29 0 0 1
1 31 6 4 22 16
1 53 20 12 25 19
1 32 20 24 15 4
1 61 17 4 0 1
1 12 29 0 0 1
1 1 0 3 25 19
1 32 20 1 6 17
3 43 29 0 0 1
1 11 29 0 0 1
1 22 17 4 0 1
75 50 34 4 25 19
1 43 29 0 0 1
1 32 5 10 25 19
1 31 10 4 25 19
1 3 38 22 15 19
1 48 29 0 0 1
1 48 29 0 0 1
1 28 17 0 0 1
1 65 7 4 0 1
1 18 20 4 0 1
1 1 9 4 0 1
1 1 3 0 0 12
83 57 29 0 0 1
13 57 29 0 0 1
103 4 16 10 25 19
11 19 29 0 0 1
115 66 7 5 28 22
20 57 29 0 0 1
94 57 29 0 0 1
117 59 34 17 13 22
1 1 32 9 25 19
13 57 29 0 0 1
55 34 25 6 0 19
94 18 29 0 0 1
1 1 3 0 0 8
1 1 3 0 0 8
1 1 3 0 0 6
1 1 3 0 0 6
1 1 3 0 0 28
1 1 3 0 0 12
1 1 3 0 0 9
1 1 3 0 0 29
1 1 3 0 0 20
1 1 3 0 0 20
1 9 27 9 25 19
1 43 29 0 0 1
1 60 17 4 0 1
1 50 29 0 0 1
1 43 29 0 0 1
1 19 29 0 0 1
3 25 29 0 0 1
1 25 29 0 0 1
1 37 1 4 25 1
1 50 15 23 19 19
1 20 39 4 25 19
1 60 34 5 29 8
1 20 28 21 5 19
1 50 17 4 0 1
1 61 29 0 0 30
1 26 11 11 29 15
1 20 26 4 25 1
1 50 9 4 25 19
1 2 34 21 17 19
1 39 17 0 0 1
1 42 17 1 25 1
1 1 41 4 25 1
1 62 29 0 0 1
1 18 33 4 25 7
1 1 3 10 3 19
1 1 3 11 12 19
1 1 24 2 24 27
1 1 10 22 9 9
1 1 14 9 25 19
1 1 4 13 25 19
1 1 3 23 0 19
1 1 3 11 25 19
1 1 3 6 25 26
1 1 10 14 25 19
1 56 14 0 0 1
1 0 33 21 25 11
1 51 34 4 25 19
1 51 29 0 0 1
1 28 2 0 0 1
1 14 29 0 0 1
1 28 17 4 32 27
1 41 7 4 9 19
1 61 17 0 0 1
1 8 10 0 0 1
1 1 24 4 25 1
153 62 17 0 0 1
1 1 2 4 25 1
1 1 14 9 25 19
1 1 42 0 0 1
1 18 19 4 0 19
1 48 6 0 0 1
39 57 10 4 5 2
1 1 24 4 25 19
96 56 33 18 10 19
1 30 29 0 0 1
1 27 8 4 0 1
3 28 29 18 2 19
1 0 37 5 8 4
1 64 37 22 14 13
1 61 17 0 0 1
1 3 17 13 25 19
1 6 17 0 5 19
1 47 26 3 25 19
1 64 37 22 8 19
1 20 29 0 0 1
1 15 32 4 25 1
1 4 9 2 21 17
1 65 29 0 0 1
1 54 23 9 10 0
1 7 29 0 0 1
1 10 39 4 0 1
153 13 34 4 25 1
1 59 33 13 25 5
1 32 34 4 27 19
1 3 17 4 0 1
1 3 17 0 0 1
66 6 29 0 0 1
1 50 29 0 0 1
1 59 29 0 0 1
1 19 12 0 25 19
1 2 18 4 0 1
1 6 29 0 0 1
127 15 17 6 31 19
1 30 17 0 0 1
1 3 23 0 25 19
3 7 32 4 6 19
1 24 21 4 4 21
1 42 29 0 27 19
1 3 29 0 0 1
1 5 10 16 24 19
155 5 17 21 25 19
1 2 37 5 24 19
1 14 17 0 0 1
1 30 29 0 0 1
1 20 39 4 5 19
1 16 10 3 25 21
1 28 17 0 0 1
1 64 29 0 0 1
1 8 16 11 20 26
1 64 29 0 0 1
1 10 27 22 14 19
1 50 34 4 25 19
1 31 17 6 31 19
1 40 29 0 0 1
1 42 2 4 25 19
1 20 2 4 25 19
126 17 29 0 0 1
148 34 17 6 25 19
34 3 32 4 25 1
148 57 29 0 0 1
26 57 35 4 0 1
66 60 1 4 25 1
89 52 39 18 17 23
66 60 33 24 25 11
58 66 0 4 25 19
2 34 17 0 0 1
94 22 37 10 14 30
102 45 34 4 19 10
87 27 17 0 0 1
120 37 22 10 22 15
13 57 29 0 0 1
13 57 29 0 0 1
64 37 34 22 26 19
83 14 29 0 27 19
22 24 31 24 14 10
83 57 20 0 0 1
1 61 4 4 0 30
1 13 24 4 25 19
1 48 29 0 0 1
17 48 29 0 0 1
1 14 29 0 0 1
1 11 17 0 0 1
1 17 8 7 25 0
1 65 14 4 0 1
128 25 29 0 0 1
1 50 29 0 0 1
1 61 29 0 0 1
1 60 41 0 0 1
1 61 17 4 25 19
3 61 29 0 0 1
1 25 29 0 0 1
1 25 29 0 0 1
1 1 3 0 0 0
1 1 3 0 0 7
1 24 7 22 0 1
128 14 29 0 0 1
1 1 3 0 0 12
1 1 3 0 0 6
1 1 3 0 0 0
1 1 3 0 0 0
1 61 17 0 0 1
1 30 29 0 0 1
1 16 36 3 13 19
1 19 17 4 0 1
1 65 29 0 0 1
1 39 17 10 25 19
1 67 2 22 22 22
1 43 17 4 25 19
1 6 18 18 25 19
1 8 39 4 25 1
115 23 14 4 25 1
1 12 7 21 25 11
1 15 37 24 25 11
1 43 29 0 0 1
1 65 39 0 0 1
1 51 10 4 0 1
1 30 29 0 0 1
3 19 29 0 0 1
1 61 29 0 0 13
1 51 17 0 0 1
1 2 12 2 26 22
1 3 11 22 19 30
155 22 1 4 25 1
1 4 40 2 6 3
1 67 25 0 0 1
1 41 29 0 0 1
1 58 17 0 0 1
1 0 18 7 25 19
1 15 29 0 0 1
1 31 29 0 0 1
1 10 11 12 19 19
1 1 22 4 25 1
1 18 17 4 9 12
1 1 38 4 0 1
1 18 38 4 0 1
1 1 16 4 25 19
1 1 4 0 25 19
1 1 12 4 25 1
1 1 14 0 0 1
1 1 3 0 9 20
1 1 1 11 10 0
1 1 7 18 25 19
1 6 29 0 0 1
1 31 17 4 0 8
1 61 17 0 0 1
1 56 17 0 0 1
153 7 35 4 5 19
1 61 29 0 0 1
127 15 19 4 25 11
1 11 35 4 25 1
1 12 17 0 0 1
1 54 23 11 22 4
1 61 17 0 0 1
76 2 15 3 14 22
1 1 3 0 9 19
1 1 25 4 31 19
1 47 28 23 13 8
1 50 40 5 29 17
62 35 29 0 0 1
1 65 29 0 0 1
1 35 29 0 0 1
1 39 17 0 0 1
1 40 29 0 0 1
1 15 32 19 19 12
1 30 20 5 25 19
1 12 29 0 0 1
153 43 24 0 0 1
1 65 40 4 32 19
1 6 14 4 0 1
1 12 17 0 0 1
1 40 29 0 0 1
1 51 29 0 0 1
1 48 29 0 0 1
1 50 26 22 25 19
3 65 29 0 0 1
1 3 21 1 25 16
1 20 10 5 28 0
1 40 29 0 0 1
141 9 34 21 25 19
87 25 29 0 0 1
41 60 20 22 26 12
141 2 37 24 17 4
63 24 17 4 0 1
31 31 17 4 25 19
34 48 29 0 0 1
34 62 17 0 0 1
30 42 29 4 31 18
148 20 29 0 0 1
9 57 29 0 0 1
28 35 29 0 0 1
38 5 17 21 25 11
72 52 21 14 12 21
62 25 29 0 0 1
28 57 29 0 0 1
80 57 29 0 0 1
50 57 29 0 0 1
85 57 17 4 25 1
28 33 33 4 25 19
1 1 3 0 0 8
1 1 19 4 25 1
38 39 17 0 0 1
1 1 7 4 25 29
1 61 17 4 25 19
1 63 17 4 0 1
1 20 29 0 0 1
142 20 29 0 0 1
1 1 3 0 0 21
1 1 3 0 0 14
1 1 3 0 0 8
1 16 5 3 25 19
1 1 3 0 0 8
1 1 3 0 0 12
1 1 3 0 0 14
1 1 3 0 0 5
1 31 6 4 25 1
1 1 3 0 0 17
1 48 29 0 0 1
1 65 29 0 0 1
1 61 17 4 25 19
1 15 5 9 17 29
1 45 11 23 27 22
1 61 40 4 25 8
1 51 25 0 3 19
1 45 17 11 25 19
1 64 34 6 24 10
1 20 32 4 0 1
1 6 17 7 25 19
1 45 17 4 25 19
86 57 9 4 5 1
87 19 18 4 0 25
86 20 9 4 9 19
97 24 17 4 0 1
53 57 29 0 0 1
53 57 29 0 0 12
72 3 35 4 0 1
53 61 29 0 0 1
83 57 29 0 0 1
98 36 34 11 30 6
1 1 14 0 0 1
1 35 29 0 0 1
1 6 29 0 0 1
1 36 29 22 1 28
1 11 17 14 25 19
1 43 17 4 0 1
1 0 22 4 25 19
1 36 9 4 15 19
1 39 0 16 25 19
1 2 18 4 0 1
1 61 17 0 0 1
1 61 20 0 0 1
1 17 18 4 25 19
1 17 17 0 0 1
15 39 24 21 25 19
1 50 29 0 0 1
128 67 17 0 0 1
1 42 24 0 0 29
1 26 11 0 0 1
1 37 26 12 19 19
1 25 29 0 0 1
3 25 29 0 0 1
1 34 29 0 0 1
1 42 5 12 25 19
1 32 42 4 25 1
1 67 29 0 0 1
1 42 17 4 0 1
75 21 34 4 15 4
1 7 30 1 17 13
1 19 29 0 0 1
1 10 10 19 25 19
1 41 11 4 25 19
25 57 29 0 0 1
42 14 29 0 0 1
88 3 17 4 0 1
90 54 17 4 25 1
90 54 23 4 25 1
82 56 21 11 28 10
0 57 29 0 0 1
105 67 42 4 9 19
10 43 17 4 0 1
121 19 29 0 0 1
151 2 38 4 0 1
1 47 30 8 16 27
1 3 29 0 5 1
1 15 29 0 0 1
1 16 29 4 0 1
1 61 29 0 30 19
1 19 29 0 0 1
1 43 29 0 0 1
1 10 10 1 25 30
1 30 29 0 0 1
1 1 39 13 25 7
1 1 4 7 25 19
1 1 38 4 0 1
1 1 41 4 0 1
1 1 9 4 25 19
1 48 10 0 0 19
62 57 1 0 0 1
1 1 10 14 6 22
1 1 27 0 0 1
1 1 37 1 8 16
1 55 5 24 25 19
1 12 11 4 0 1
1 11 14 4 25 19
1 11 29 0 0 1
1 10 16 0 25 1
1 10 24 4 0 11
1 11 29 0 0 1
1 11 29 0 0 1
1 20 29 4 0 1
1 34 29 0 0 1
1 14 24 5 25 19
1 50 29 0 0 1
1 61 29 0 0 1
1 20 10 23 25 19
1 35 29 0 0 1
1 47 7 11 25 19
1 50 7 5 31 22
1 35 32 4 25 19
1 50 17 0 9 19
1 48 29 0 0 1
1 9 33 4 25 11
1 16 7 0 0 1
1 47 6 3 25 19
1 30 23 18 22 19
1 50 4 21 0 15
1 30 11 19 28 13
1 29 39 2 21 21
1 31 39 2 21 28
1 51 29 0 0 1
1 31 38 2 24 21
1 65 39 0 25 17
1 64 29 0 0 1
1 59 39 0 0 1
1 61 29 0 0 1
140 7 0 12 31 19
44 8 39 14 15 8
88 4 24 4 25 19
87 5 28 10 13 22
47 43 16 9 15 16
26 61 29 0 0 1
131 5 40 12 25 21
51 24 39 4 25 4
51 41 17 4 25 1
47 4 0 4 25 16
1 29 38 21 25 19
1 13 29 0 0 1
1 13 17 4 0 1
1 60 29 0 0 1
1 30 29 0 0 1
1 61 17 0 0 1
41 13 17 4 25 19
1 65 42 14 21 26
1 34 17 0 0 1
1 18 2 7 25 19
1 1 3 0 0 29
1 1 3 0 0 12
1 1 3 0 0 15
1 1 3 0 0 5
1 1 3 0 0 21
1 1 3 0 0 17
1 1 3 23 25 2
1 1 3 0 0 9
1 1 3 0 0 5
1 1 3 0 0 3
1 32 27 0 0 1
1 6 17 0 0 1
142 56 34 4 25 19
1 67 27 4 20 23
1 50 17 7 25 19
1 20 29 0 0 1
1 20 11 4 25 19
1 31 12 4 25 19
3 18 17 0 0 1
1 60 1 5 4 2
1 1 26 4 0 1
1 12 29 0 0 1
1 32 37 1 24 19
1 64 29 22 25 1
1 30 29 0 0 1
1 50 29 0 0 1
1 3 10 11 22 19
1 6 17 0 5 19
1 27 29 0 0 1
1 7 29 0 0 1
15 3 30 4 25 19
1 46 34 3 12 22
1 61 29 0 0 1
48 36 13 5 21 0
1 11 29 0 0 1
1 31 30 22 25 19
128 67 29 0 0 1
1 25 29 0 0 1
1 25 29 0 0 1
1 7 27 9 27 11
1 25 29 0 0 1
1 61 17 0 0 1
3 25 29 0 0 1
1 25 29 0 0 1
1 39 4 19 22 19
148 7 10 1 29 0
1 47 7 4 25 19
1 61 17 4 25 15
1 66 29 0 0 1
1 18 26 4 25 19
1 1 3 0 6 6
1 1 3 0 6 27
1 59 13 12 4 22
1 19 29 0 0 1
1 8 6 4 25 19
1 6 29 0 0 1
3 10 29 4 0 1
1 17 29 0 0 1
1 24 11 4 31 19
1 15 17 4 0 1
6 35 29 0 0 1
1 32 34 4 25 19
1 61 9 0 0 1
128 35 9 14 25 21
1 67 29 0 0 1
1 7 20 4 25 19
1 61 42 4 25 1
1 61 34 24 25 5
1 37 21 2 25 21
1 61 29 0 0 1
1 65 32 4 25 19
1 19 37 4 25 1
1 1 4 11 25 10
1 1 33 6 25 19
1 1 18 4 0 1
1 1 0 8 32 27
1 18 21 24 14 25
1 1 7 13 25 19
1 1 39 4 0 1
1 1 1 1 25 19
1 1 34 4 0 1
1 1 28 1 25 30
73 14 29 0 0 1
1 61 29 0 0 1
1 50 17 4 0 1
1 2 7 4 25 4
1 10 17 22 25 1
1 28 17 4 0 1
1 43 29 0 0 1
1 63 9 4 25 1
1 13 9 11 1 6
1 43 29 0 0 1
1 16 12 4 25 19
1 62 35 4 0 1
1 35 29 0 0 1
1 43 29 0 0 1
1 11 29 0 0 1
73 5 9 19 25 7
1 56 2 21 25 17
1 40 17 0 0 1
1 65 34 4 25 11
1 34 7 4 25 1
1 50 29 0 0 1
1 64 31 21 25 19
1 26 37 4 25 2
1 12 29 0 0 1
1 42 19 3 25 19
1 26 39 4 4 2
1 64 18 4 0 16
1 67 29 0 24 19
1 65 24 4 25 1
1 12 29 0 0 1
1 20 29 4 0 15
1 12 39 4 25 19
17 19 25 0 0 1
1 67 17 4 0 1
1 12 17 0 0 1
1 32 1 4 0 1
1 13 5 16 25 19
85 57 29 0 0 1
1 1 4 4 25 19
1 12 4 4 25 19
1 67 29 0 0 1
1 61 14 4 0 1
1 26 37 11 4 0
1 43 40 4 25 19
1 47 9 19 31 17
1 61 17 4 0 1
1 43 41 6 25 19
1 1 34 4 0 1
1 35 38 4 0 1
1 35 29 0 0 1
1 50 29 0 0 1
47 23 39 11 20 25
30 32 7 5 31 19
0 7 10 0 0 1
40 57 29 0 0 1
26 59 1 21 22 21
20 0 27 5 9 12
136 35 29 0 0 1
96 7 17 0 0 1
96 66 17 4 25 16
8 28 10 4 25 19
1 1 3 0 24 3
1 1 3 0 0 8
1 1 3 0 0 21
1 1 3 0 0 13
1 1 3 0 0 13
1 1 3 0 0 14
1 61 41 4 0 1
1 1 3 0 0 14
1 1 3 23 25 8
1 1 3 0 0 10
1 1 3 0 0 7
15 59 14 23 25 30
1 59 23 4 25 19
1 61 29 0 0 1
123 63 20 4 25 19
1 67 17 0 0 1
1 3 17 22 27 19
1 20 17 0 0 1
1 67 29 0 0 1
1 13 29 0 0 1
1 19 17 0 0 1
1 20 18 4 0 19
1 1 3 0 13 19
1 51 29 0 0 1
1 7 29 0 0 1
1 65 0 4 0 1
1 1 3 0 24 19
1 18 29 0 30 16
1 36 0 11 10 3
1 51 29 0 0 1
3 51 29 0 0 1
15 26 26 4 25 1
1 26 17 0 0 1
75 32 38 24 26 19
1 53 15 2 19 16
1 36 30 4 25 6
1 27 16 10 13 8
153 15 19 12 28 10
1 62 17 0 0 1
3 50 29 0 0 1
1 10 23 14 25 19
1 13 5 4 25 19
3 11 17 0 0 1
1 16 20 4 25 1
1 22 36 14 25 19
1 65 17 4 0 1
1 30 1 4 0 1
1 42 17 0 0 12
1 67 29 0 0 1
1 3 11 4 0 1
1 1 39 7 4 2
1 1 15 4 25 19
1 1 23 11 24 19
1 1 9 0 0 1
1 1 37 2 24 19
1 1 25 0 0 1
1 1 41 4 25 19
1 18 10 21 25 19
1 1 39 4 0 1
1 1 4 0 0 1
1 27 17 4 5 1
1 66 29 0 0 1
1 59 12 1 14 19
3 20 29 0 0 1
1 3 26 22 15 19
1 24 5 4 10 19
1 36 17 4 0 1
1 56 36 4 0 1
1 60 8 9 0 1
1 37 15 3 19 19
1 64 29 0 0 1
142 11 17 4 25 19
1 20 17 18 25 19
1 61 9 6 25 19
1 29 39 17 24 7
1 8 30 9 25 27
1 67 1 4 25 1
1 50 38 0 25 1
1 12 26 4 0 1
1 26 37 24 7 15
1 6 36 4 25 19
1 48 29 0 0 1
1 1 23 23 13 22
29 54 33 4 25 19
59 21 17 4 0 1
1 50 23 23 24 19
1 47 41 8 24 8
1 1 10 4 0 19
28 59 22 16 30 29
80 36 34 4 25 19
80 7 17 4 25 19
62 66 38 5 25 19
99 7 23 14 30 12
28 57 29 0 0 1
142 11 17 0 0 1
28 25 29 0 0 1
1 35 33 23 25 29
1 18 19 11 7 21
1 1 33 5 11 29
42 59 29 0 27 19
132 21 2 4 25 19
1 1 31 7 20 2
12 57 29 0 0 1
49 38 13 2 32 20
85 57 29 0 0 1
92 39 10 14 25 19
14 57 17 0 0 1
32 36 34 17 7 27
56 14 29 0 0 1
107 4 16 4 25 19
15 7 35 4 0 1
1 8 10 21 25 11
1 47 39 4 25 19
1 56 39 10 13 8
31 57 19 5 10 19
1 8 40 14 25 19
1 30 17 0 0 1
1 31 30 9 21 22
1 66 29 0 0 1
1 9 21 4 25 12
1 1 13 9 25 19
1 1 42 4 25 1
59 60 11 4 25 19
140 24 33 4 25 11
130 43 29 0 27 19
119 3 11 4 5 2
79 5 12 9 25 19
156 2 17 0 0 1
36 35 29 0 0 1
9 57 29 0 0 1
156 5 0 4 25 11
51 5 34 4 25 19
116 36 5 11 24 16
1 34 42 22 25 1
1 17 29 0 0 1
1 13 24 21 25 19
1 1 3 0 0 13
1 1 3 0 0 14
1 1 3 0 0 14
1 1 3 0 0 14
1 1 3 0 0 14
1 1 3 0 0 14
1 1 3 0 0 17
1 1 10 4 0 21
1 1 3 0 0 3
1 1 3 0 0 21
1 61 29 0 0 1
1 22 40 4 25 19
3 6 29 0 0 1
3 6 29 0 0 1
1 60 42 0 0 1
17 34 29 0 0 1
1 47 18 14 3 19
1 0 29 0 27 19
1 60 0 0 0 1
1 7 29 0 0 1
14 17 17 4 25 1
21 5 28 23 13 10
30 9 42 4 23 12
25 57 29 0 0 1
38 57 29 0 5 1
139 57 29 0 0 1
100 42 2 9 25 19
100 17 29 0 0 1
36 57 29 0 0 1
31 59 17 0 0 1
1 20 14 4 0 1
1 4 40 11 24 0
62 30 29 0 0 1
1 31 23 9 25 19
1 15 17 4 25 1
1 12 7 4 25 19
1 15 41 4 3 19
15 5 12 21 25 19
1 31 12 18 25 8
17 61 29 0 0 1
1 34 29 0 0 1
8 9 24 4 25 19
14 57 29 0 5 1
36 57 29 0 0 1
28 22 0 4 0 11
10 32 17 0 0 1
114 17 17 6 25 19
10 48 29 0 0 1
40 47 39 4 25 1
54 34 23 4 25 1
44 50 39 6 24 19
1 1 24 4 25 19
1 48 26 4 0 1
1 1 42 11 25 19
1 18 37 4 0 1
1 1 41 0 0 1
1 1 41 0 0 1
1 1 41 19 25 19
1 1 23 4 25 27
1 18 10 4 25 19
1 64 29 0 0 1
1 66 1 4 26 23
1 16 29 0 0 1
1 61 29 0 0 1
1 20 35 4 29 21
123 65 0 11 12 21
1 24 29 0 7 23
1 67 17 0 0 1
6 65 4 0 0 1
1 24 29 1 17 19
3 7 29 0 0 1
1 20 39 0 0 1
1 61 23 11 19 21
1 65 4 9 0 1
1 9 39 6 21 12
1 39 17 0 0 1
1 30 17 0 0 1
1 15 20 19 28 19
1 19 25 0 0 1
1 17 21 18 25 19
70 67 17 4 5 10
1 15 20 4 0 1
1 2 11 4 0 1
1 4 39 6 27 19
1 10 9 21 9 5
1 1 34 4 5 1
56 57 29 0 0 1
90 61 29 0 0 1
70 34 17 0 0 1
25 19 26 4 25 8
55 17 29 0 0 1
134 52 36 4 25 1
1 29 39 22 4 28
1 51 29 0 0 1
29 4 37 24 16 21
29 17 17 0 0 1
1 40 29 0 0 1
1 11 29 0 0 1
1 65 29 0 32 16
1 56 12 14 25 19
1 34 17 4 0 1
1 55 6 3 15 21
3 62 29 0 0 1
1 47 29 0 0 1
1 10 29 0 3 19
1 64 21 4 25 19
1 67 34 7 14 22
1 55 6 4 0 1
1 56 8 0 0 1
1 64 29 0 27 19
50 0 5 4 0 1
79 56 27 3 25 22
149 6 17 0 0 1
60 54 21 4 25 19
121 39 18 4 25 19
97 42 24 4 0 1
16 14 26 13 25 19
52 10 20 4 25 1
36 65 4 19 5 19
16 27 26 13 25 19
1 12 11 21 24 7
1 1 6 4 25 19
1 50 29 0 0 1
1 1 13 9 25 19
1 65 14 14 2 19
1 32 38 0 0 1
1 27 38 6 1 22
1 3 17 4 0 1
1 36 29 4 25 1
1 12 34 5 0 1
1 32 20 4 0 12
1 5 6 0 0 1
1 3 17 4 0 1
1 60 22 0 0 1
104 34 29 4 25 1
101 52 17 4 25 19
38 39 17 0 5 1
35 17 17 0 0 1
109 56 23 5 25 19
111 52 29 0 23 19
111 17 29 0 0 1
114 45 17 22 25 19
119 37 34 9 25 19
33 61 17 4 0 1
1 18 17 24 29 12
1 1 3 14 30 7
1 1 25 4 30 19
1 1 40 11 28 9
1 1 37 24 26 23
1 1 23 4 25 1
1 1 30 11 4 3
1 1 41 0 0 1
1 1 23 4 0 1
1 1 34 23 25 3
1 1 3 0 0 15
1 1 41 4 25 22
1 1 40 4 10 19
1 1 3 11 25 19
1 1 3 11 2 19
6 67 29 0 0 1
1 65 20 0 0 1
1 10 27 4 25 1
3 50 29 0 0 1
1 24 29 0 0 1
1 41 29 0 0 1
3 43 29 0 0 1
1 26 8 4 0 1
1 20 17 0 0 1
1 36 29 4 9 19
1 13 17 4 25 1
1 50 39 19 25 21
1 26 34 4 25 19
1 60 25 0 0 1
1 15 22 7 25 19
1 47 29 0 0 1
1 28 24 4 9 19
1 65 29 0 5 1
1 20 26 4 25 19
1 12 11 4 25 19
1 51 4 0 25 1
1 40 29 0 0 1
1 50 2 21 25 19
15 61 29 0 0 1
1 21 27 9 25 19
1 13 17 4 0 1
1 67 38 4 27 19
1 3 23 4 25 19
1 7 29 0 0 1
3 7 29 0 0 1
1 23 39 19 25 19
1 9 34 4 0 1
1 29 21 5 25 25
1 32 11 4 0 1
41 3 1 4 25 18
65 50 26 24 31 19
46 52 22 4 25 19
124 14 29 0 0 1
30 15 29 0 0 1
30 17 17 4 25 1
66 17 17 4 0 1
65 3 30 7 25 19
41 3 18 4 25 13
155 4 23 2 25 19
1 50 17 4 0 1
1 1 25 0 0 1
1 48 6 18 0 1
1 48 34 4 0 1
1 30 27 4 25 19
1 35 33 4 17 10
1 61 10 0 0 1
1 48 10 4 0 1
1 13 34 13 25 19
1 20 26 6 31 19
1 40 29 0 0 1
1 61 0 4 0 1
81 21 13 9 33 7
70 26 19 4 25 19
156 24 17 4 25 1
46 31 36 4 25 19
41 63 20 14 17 22
7 41 34 4 25 19
137 3 29 0 0 1
106 54 7 4 25 19
65 7 29 0 0 1
98 36 34 18 6 19
1 37 27 4 0 1
1 19 41 4 25 19
1 50 29 0 0 1
1 65 10 10 25 19
135 66 35 0 0 20
43 13 17 24 25 19
1 65 2 4 25 1
131 5 40 11 25 22
22 62 29 0 0 1
97 3 26 17 8 11
103 43 5 5 25 19
14 32 20 4 25 11
20 50 29 0 0 1
59 57 29 0 0 1
54 59 9 2 28 19
1 64 26 4 25 1
1 13 2 24 28 22
64 5 12 4 25 19
127 57 29 0 0 1
10 22 14 0 0 1
144 24 18 3 9 15
10 17 29 0 0 1
46 54 17 4 25 19
91 67 29 0 0 1
134 57 29 0 0 1
1 10 21 4 3 19
13 19 29 0 0 1
35 57 29 0 0 1
1 1 33 6 17 10
1 1 8 9 25 1
3 57 33 4 0 1
1 50 34 24 10 19
1 18 34 4 5 1
1 48 4 4 0 1
1 42 34 4 0 1
1 62 29 0 0 1
1 17 17 4 0 1
1 12 42 11 17 21
1 3 19 4 25 10
1 64 9 4 0 1
1 56 24 22 25 19
1 42 29 0 0 16
1 47 39 19 25 19
1 64 42 4 25 21
106 14 29 0 0 1
55 17 34 4 0 8
27 57 29 0 0 1
68 61 29 0 0 1
125 57 29 0 5 1
14 34 29 0 0 1
14 57 17 0 0 1
125 62 17 0 0 1
104 54 17 4 0 1
104 55 22 24 24 19
1 1 3 0 30 16
1 30 17 0 0 1
1 1 3 0 23 25
1 1 20 4 25 1
1 48 22 4 0 1
1 1 5 18 25 19
1 1 9 4 25 1
1 1 25 4 25 19
148 57 35 4 5 1
1 1 7 4 8 19
1 1 21 4 0 29
1 1 23 4 25 19
1 1 5 6 25 26
66 64 24 4 25 1
1 13 33 16 9 22
155 10 22 4 25 19
1 4 16 2 17 21
1 66 29 0 0 1
1 63 18 4 0 1
1 6 29 0 0 1
1 48 29 0 0 1
1 59 29 4 25 1
1 3 29 0 0 1
1 59 8 0 0 1
1 46 33 21 25 11
1 32 29 0 8 19
1 63 36 0 0 11
1 4 5 4 25 1
1 39 39 21 25 19
1 42 29 0 5 1
1 22 2 14 9 22
1 67 26 4 25 11
1 8 25 23 30 18
1 24 9 14 25 19
1 3 23 2 17 22
3 7 29 5 25 19
1 33 39 2 25 5
1 6 17 0 0 1
1 34 29 0 0 1
1 39 29 0 0 1
1 7 17 0 0 1
1 1 3 7 25 19
1 1 3 11 25 19
1 1 3 22 25 19
1 1 3 19 25 19
1 1 4 18 10 19
151 57 29 1 8 13
1 56 25 0 25 19
96 61 10 4 0 1
1 61 29 0 0 1
1 50 24 4 25 19
1 43 29 0 0 1
1 26 39 21 19 2
1 20 29 0 0 1
1 2 14 7 13 19
1 6 1 4 25 1
1 3 29 0 0 1
1 27 9 11 24 17
1 15 27 13 20 19
1 61 29 0 0 1
49 56 39 7 20 19
9 57 29 0 0 1
23 18 29 0 0 1
31 6 19 7 25 19
84 4 34 17 7 6
68 57 29 0 0 1
42 44 13 16 28 22
42 6 14 0 0 1
44 57 29 0 0 1
19 55 15 11 25 20
1 1 31 19 25 19
76 57 20 0 25 19
1 27 29 0 0 1
1 19 23 9 25 19
1 10 26 4 0 1
126 25 29 0 0 1
1 10 26 13 25 19
1 15 38 4 0 9
1 50 28 4 25 19
1 35 33 11 15 10
1 42 17 4 0 1
1 31 10 18 25 19
1 1 13 20 22 4
90 8 15 2 28 21
1 1 32 5 25 19
1 11 24 4 0 1
1 48 35 4 0 1
1 1 25 0 0 1
1 1 7 22 8 19
1 1 27 5 23 0
1 1 16 4 25 1
1 61 17 4 0 1
1 48 42 0 0 1
30 34 29 0 0 1
93 13 21 0 0 1
55 13 36 4 25 19
90 34 29 14 25 19
1 20 37 24 14 4
85 5 17 21 25 19
1 11 29 0 0 1
89 37 33 11 12 3
36 57 29 0 0 1
89 56 35 4 25 27
6 50 19 4 0 1
3 7 29 4 0 1
