600
601
602
603
605
606
607
609
610
611
612
613
614
615
616
617
618
619
620
621
622
623
624
626
627
628
629
633
634
635
636
638
641
643
644
646
647
648
649
650
651
652
654
655
656
658
660
661
662
663
664
665
666
667
668
669
674
676
677
678
681
682
683
684
685
686
687
689
690
691
692
694
695
696
698
699
802
803
804
806
807
809
810
812
813
814
815
817
819
821
822
823
824
825
826
827
828
829
830
831
832
833
834
836
838
841
843
845
847
848
849
851
852
853
854
855
856
857
858
860
862
863
864
865
866
867
868
869
871
873
875
880
881
882
883
884
886
887
888
889
890
891
892
893
894
895
896
897
898
1108
1144
1148
1164
1170
1181
1190
1492
1601
1613
1618
1622
1628
1629
1632
1644
1645
1649
1651
1657
1658
1660
1662
1667
1671
1672
1674
1678
1679
1686
1856
