600	1
601	2
602	3
603	4
605	5
606	6
607	7
609	8
610	9
611	10
612	11
613	12
614	13
615	14
616	15
617	16
618	17
619	18
620	19
621	20
622	21
623	22
624	23
626	24
627	25
628	26
629	27
633	28
634	29
635	30
636	31
638	32
641	33
643	34
644	35
646	36
647	37
648	38
649	39
650	40
651	41
652	42
654	43
655	44
656	45
658	46
660	47
661	48
662	49
663	50
664	51
665	52
666	53
667	54
668	55
669	56
674	57
676	58
677	59
678	60
681	61
682	62
683	63
684	64
685	65
686	66
687	67
689	68
690	69
691	70
692	71
694	72
695	73
696	74
698	75
699	76
802	77
803	78
804	79
806	80
807	81
809	82
810	83
812	84
813	85
814	86
815	87
817	88
819	89
821	90
822	91
823	92
824	93
825	94
826	95
827	96
828	97
829	98
830	99
831	100
832	101
833	102
834	103
836	104
838	105
841	106
843	107
845	108
847	109
848	110
849	111
851	112
852	113
853	114
854	115
855	116
856	117
857	118
858	119
860	120
862	121
863	122
864	123
865	124
866	125
867	126
868	127
869	128
871	129
873	130
875	131
880	132
881	133
882	134
883	135
884	136
886	137
887	138
888	139
889	140
890	141
891	142
892	143
893	144
894	145
895	146
896	147
897	148
898	149
1108	150
1144	151
1148	152
1164	153
1170	154
1181	155
1190	156
1492	157
1601	158
1613	159
1618	160
1622	161
1628	162
1629	163
1632	164
1644	165
1645	166
1649	167
1651	168
1657	169
1658	170
1660	171
1662	172
1667	173
1671	174
1672	175
1674	176
1678	177
1679	178
1686	179
1856	180
