1 3
2 3
3 5
4 5
5 5
6 5
7 3
8 3
9 3
10 5
12 3
14 5
15 3
16 5
18 5
19 5
20 5
21 5
22 3
24 3
25 3
26 3
27 5
30 3
31 3
35 3
36 5
38 3
39 5
40 5
43 3
46 3
47 3
48 3
49 5
50 3
51 6
52 5
54 3
55 5
56 5
57 5
58 6
59 5
60 5
61 3
62 3
63 3
64 5
65 5
66 3
67 5
68 5
69 3
70 5
71 3
72 3
74 3
75 3
76 5
77 6
80 4
81 4
82 4
83 6
84 4
86 4
87 4
88 4
89 4
90 4
92 4
93 4
94 6
95 6
96 6
97 6
99 6
100 6
101 6
102 6
103 6
104 6
105 6
106 6
107 6
109 4
112 6
113 6
114 6
115 6
116 6
118 6
119 6
120 6
121 6
122 6
123 6
125 6
126 6
127 6
128 6
130 6
131 4
132 4
137 4
138 4
139 4
140 4
141 4
143 4
144 4
145 4
146 4
147 4
148 2
149 2
150 1
151 1
152 1
153 1
154 1
155 1
156 1
157 1
158 1
159 1
160 1
161 1
162 1
163 1
164 1
165 1
166 1
167 1
168 1
169 1
170 1
171 1
172 1
173 1
174 1
175 1
176 1
177 1
178 1
179 1
180 2
