1 3
2 3
3 5
4 5
5 5
6 5
7 3
8 3
9 3
10 5
11 5
12 3
13 7
14 5
15 3
16 5
17 3
18 5
19 5
20 5
21 5
22 3
23 3
24 3
25 3
26 3
27 5
28 3
29 6
30 3
31 3
32 5
33 5
34 7
35 3
36 7
37 7
38 3
39 5
40 5
41 3
42 3
43 3
44 5
45 3
46 3
47 3
48 3
49 7
50 3
51 7
52 5
53 3
54 3
55 5
56 5
57 5
58 6
59 5
60 5
61 3
62 3
63 3
64 7
65 5
66 7
67 5
68 5
69 7
70 5
71 3
72 3
73 5
74 3
75 3
76 5
77 6
78 4
79 7
80 4
81 4
82 4
83 7
84 7
85 6
86 4
87 4
88 4
89 7
90 4
91 4
92 4
93 7
94 6
95 6
96 6
97 6
98 7
99 6
100 6
101 6
102 6
103 6
104 6
105 6
106 6
107 6
108 7
109 4
110 7
111 4
112 6
113 6
114 6
115 6
116 6
117 7
118 6
119 6
120 7
121 6
122 6
123 6
124 7
125 6
126 6
127 6
128 6
129 6
130 7
131 7
132 4
133 4
134 7
135 4
136 4
137 4
138 4
139 7
140 4
141 4
142 4
143 7
144 4
145 7
146 4
147 4
148 2
149 2
150 7
151 1
152 1
153 1
154 1
155 1
156 1
157 1
158 1
159 1
160 7
161 1
162 1
163 1
164 1
165 1
166 1
167 1
168 1
169 7
170 1
171 1
172 1
173 1
174 1
175 1
176 1
177 1
178 1
179 1
180 2
