1 3
2 3
3 7
4 5
5 7
6 5
7 7
8 3
9 3
10 5
11 5
12 3
13 7
14 5
15 3
16 7
17 3
18 5
19 5
20 5
21 5
22 3
23 7
24 3
25 3
26 3
27 5
28 7
29 6
30 3
31 3
32 5
33 5
34 3
35 3
36 5
37 5
38 3
39 5
40 5
41 3
42 3
43 3
44 7
45 3
46 3
47 3
48 3
49 7
50 7
51 6
52 5
53 7
54 3
55 5
56 5
57 5
58 6
59 5
60 5
61 3
62 3
63 3
64 5
65 5
66 3
67 7
68 5
69 3
70 5
71 3
72 3
73 5
74 3
75 3
76 5
77 7
78 4
79 4
80 4
81 4
82 4
83 6
84 4
85 6
86 4
87 4
88 4
89 4
90 4
91 4
92 4
93 4
94 6
95 6
96 6
97 6
98 7
99 6
100 7
101 7
102 7
103 6
104 7
105 6
106 6
107 6
108 6
109 4
110 6
111 4
112 6
113 6
114 6
115 6
116 6
117 2
118 6
119 7
120 7
121 6
122 6
123 6
124 7
125 6
126 6
127 6
128 6
129 6
130 6
131 4
132 4
133 7
134 4
135 4
136 7
137 4
138 4
139 4
140 4
141 4
142 4
143 4
144 4
145 4
146 4
147 4
148 2
149 2
150 1
151 1
152 1
153 1
154 1
155 1
156 1
157 1
158 1
159 1
160 1
161 1
162 1
163 1
164 1
165 1
166 1
167 1
168 1
169 1
170 1
171 1
172 1
173 1
174 1
175 1
176 1
177 1
178 1
179 7
180 2
