1 3
2 3
3 5
4 5
5 7
6 5
7 3
8 3
9 7
10 7
11 7
12 3
13 7
14 7
15 7
16 7
17 7
18 5
19 5
20 5
21 7
22 3
23 7
24 3
25 7
26 3
27 7
28 7
29 7
30 3
31 3
32 7
33 7
34 7
35 3
36 5
37 7
38 3
39 5
40 5
41 7
42 7
43 3
44 7
45 7
46 3
47 3
48 3
49 5
50 3
51 7
52 5
53 7
54 3
55 5
56 5
57 5
58 6
59 5
60 5
61 3
62 3
63 3
64 5
65 5
66 3
67 5
68 5
69 3
70 5
71 3
72 3
73 5
74 7
75 3
76 5
77 7
78 4
79 7
80 7
81 4
82 7
83 7
84 7
85 6
86 4
87 4
88 4
89 4
90 4
91 7
92 4
93 4
94 6
95 6
96 6
97 6
98 7
99 6
100 6
101 6
102 7
103 6
104 6
105 6
106 6
107 7
108 7
109 4
110 7
111 4
112 7
113 6
114 7
115 6
116 6
117 7
118 6
119 6
120 6
121 6
122 6
123 6
124 7
125 6
126 6
127 6
128 6
129 7
130 6
131 7
132 4
133 4
134 7
135 7
136 7
137 7
138 4
139 4
140 4
141 7
142 4
143 7
144 4
145 7
146 4
147 4
148 7
149 2
150 1
151 1
152 1
153 1
154 1
155 7
156 1
157 1
158 7
159 1
160 1
161 1
162 1
163 7
164 1
165 1
166 1
167 1
168 1
169 1
170 1
171 1
172 1
173 1
174 1
175 1
176 1
177 1
178 1
179 1
180 2
