9 8 13 0 6 13 13 15 9 7
4 15 4 17 2 2 5 5 3 6
10 7 0 2 15 13 11 12 3 11
10 13 12 11 11 1 3 5 3 10
15 2 10 16 16 6 6 10 9 5
14 6 3 11 4 0 8 5 3 14
7 11 16 12 3 3 13 2 13 9
7 0 1 12 7 3 13 9 13 9
14 2 10 16 15 6 6 1 0 8
18 15 9 17 7 10 11 17 19 0
15 6 10 16 12 6 6 10 18 5
12 6 7 15 3 12 9 4 12 15
9 5 1 0 6 2 13 7 5 17
19 16 15 10 7 14 0 6 8 1
15 10 13 12 9 13 19 15 9 7
13 18 13 0 9 5 19 14 7 13
14 15 9 17 3 2 5 17 0 0
13 6 7 0 6 16 19 14 7 13
12 13 16 15 10 12 9 4 19 15
5 14 2 7 14 15 4 13 1 6
17 14 2 13 13 2 12 13 15 6
6 11 16 1 2 11 15 1 16 8
5 1 6 11 17 0 4 14 2 13
8 2 10 16 16 6 6 10 5 5
6 7 14 1 8 9 15 8 16 8
7 0 6 12 12 3 8 9 13 9
16 12 8 11 17 0 4 11 2 3
10 12 16 18 17 7 10 0 11 3
16 6 3 6 1 8 6 1 18 12
12 15 15 1 8 12 15 8 16 1
3 12 3 6 17 1 1 8 18 10
10 7 16 11 11 0 3 5 16 3
9 9 0 9 9 13 17 12 6 14
12 4 0 2 15 13 11 12 6 1
5 14 12 4 14 15 18 0 14 3
16 17 4 6 12 5 19 14 7 12
15 1 10 2 15 11 6 10 16 5
8 4 1 3 4 1 20 7 17 17
11 15 15 10 7 14 0 17 8 1
15 10 10 12 9 6 6 10 9 5
5 17 4 14 5 5 16 0 10 4
12 5 1 3 4 1 20 7 17 17
5 14 12 4 14 15 18 0 14 6
15 10 10 16 9 6 6 10 9 5
18 9 0 17 7 10 17 17 8 1
15 2 10 16 15 6 6 10 0 8
4 5 1 17 2 2 13 7 17 17
6 3 14 1 2 11 15 3 19 8
9 11 5 8 3 13 17 12 6 11
16 12 8 6 17 7 1 11 11 18
5 14 13 4 14 13 18 0 14 6
0 4 1 7 0 10 17 7 5 2
6 17 12 5 12 3 16 9 13 12
15 2 10 16 15 11 6 10 16 5
10 7 16 18 17 7 14 4 16 3
11 17 15 14 7 5 0 6 8 4
4 15 0 17 13 10 17 12 19 0
12 9 16 9 15 13 9 5 6 11
18 15 15 10 7 14 0 17 8 1
12 13 3 15 10 12 9 4 12 15
11 11 16 17 2 5 0 2 16 8
12 11 16 9 3 12 9 4 12 15
5 14 2 13 7 13 12 13 15 6
13 18 13 0 9 5 19 14 19 0
9 9 6 9 9 2 2 12 19 9
15 9 0 9 9 13 17 12 9 2
0 9 1 12 13 2 5 13 4 2
5 5 3 3 4 1 20 7 17 17
5 4 5 2 15 13 11 0 6 11
10 7 14 8 4 1 7 8 3 8
6 17 3 1 12 11 16 1 16 8
7 0 12 10 12 3 8 9 13 9
13 18 4 14 9 5 16 14 3 4
8 5 1 3 4 1 20 7 17 17
18 1 9 17 7 10 11 17 8 1
3 18 13 1 12 16 19 14 7 10
7 0 12 5 12 3 2 9 13 12
14 2 6 16 4 4 7 3 2 8
6 0 12 5 12 9 13 9 13 8
15 11 10 16 12 11 6 10 16 5
13 2 13 4 9 2 6 10 9 7
8 5 1 3 11 16 6 10 5 5
16 12 8 6 17 0 1 11 3 18
12 2 16 15 16 12 9 4 12 15
0 4 6 2 0 10 11 12 6 2
5 14 13 0 3 5 13 15 5 7
5 14 13 17 3 2 13 1 3 7
16 6 8 6 12 5 1 11 18 12
15 2 10 16 1 11 6 10 16 5
12 10 14 12 2 14 5 15 4 0
1 13 7 11 9 0 3 3 2 14
19 15 14 17 2 14 5 5 3 0
17 3 2 13 13 2 12 3 15 16
5 14 7 4 14 15 18 13 14 6
4 7 16 18 2 2 10 7 19 0
5 0 1 7 7 4 11 7 1 9
8 17 4 14 16 6 0 6 10 4
13 18 16 18 11 12 10 14 7 13
7 0 6 5 7 9 13 9 13 9
4 15 12 17 1 10 5 12 19 0
8 2 5 2 16 6 11 10 5 11
5 14 13 6 1 1 1 14 18 13
13 18 13 7 12 16 19 7 7 13
16 12 8 6 17 5 1 11 18 12
12 6 16 15 16 12 9 4 12 15
2 1 6 8 17 4 8 11 18 12
2 13 10 11 1 4 3 10 16 3
14 6 12 17 1 0 5 3 2 14
19 16 15 8 7 14 2 6 8 9
9 16 13 10 7 14 20 6 8 1
12 13 16 15 16 0 2 3 2 15
5 5 12 2 1 1 18 7 14 6
9 14 13 4 13 2 18 13 9 7
14 7 3 1 8 0 15 8 12 10
16 6 8 6 12 0 8 11 2 12
8 2 10 16 16 6 0 10 16 5
14 15 9 17 2 2 5 17 0 0
17 13 1 15 16 2 16 3 2 16
11 17 4 14 5 5 0 6 10 4
12 3 15 13 13 14 12 3 15 1
5 14 2 4 14 15 12 13 15 6
14 2 16 16 15 4 6 5 0 8
8 5 1 3 16 6 6 7 17 5
3 12 3 6 17 1 2 8 18 10
18 15 9 2 15 10 11 12 6 11
4 12 16 18 17 7 10 0 11 3
5 14 13 4 1 5 18 5 14 4
15 2 10 16 15 6 6 10 16 5
15 10 13 12 9 13 19 15 9 7
16 11 5 6 17 11 2 16 18 18
15 5 5 2 0 13 18 15 6 11
8 5 1 10 16 1 20 7 17 17
17 14 12 4 13 2 12 13 15 3
6 17 10 1 12 11 6 1 16 8
5 14 12 5 14 9 18 1 14 6
9 8 13 0 6 2 13 7 5 7
11 11 16 3 3 5 13 2 13 9
16 3 2 13 13 2 1 11 7 12
12 13 16 15 11 2 10 4 16 15
10 7 14 1 11 9 14 0 16 10
5 8 13 4 6 16 12 13 15 7
2 8 16 0 6 13 13 5 16 8
12 13 16 15 11 1 10 0 19 15
16 17 6 5 12 2 16 9 3 12
8 2 16 18 16 7 6 4 16 5
9 8 13 17 6 13 2 1 9 0
18 15 9 10 7 14 5 17 8 1
16 12 6 11 1 0 4 3 2 14
12 6 16 15 16 7 14 3 12 15
8 13 16 15 16 2 10 4 16 5
2 6 3 3 4 0 8 3 17 17
16 14 2 13 13 4 12 1 11 18
10 4 14 11 4 1 7 8 16 17
4 15 1 12 1 2 5 1 4 0
12 11 5 9 3 12 9 4 12 0
2 6 3 11 4 0 2 14 7 13
5 14 13 1 1 1 13 15 5 7
12 16 16 9 4 12 9 3 12 15
9 9 11 0 9 2 17 13 4 2
0 0 1 12 13 2 13 9 13 9
7 0 2 12 3 2 12 9 13 9
9 7 16 18 3 3 14 2 4 9
13 7 16 18 3 16 10 14 7 13
18 6 0 17 13 10 8 12 19 14
11 15 15 10 7 14 0 17 3 1
2 14 12 4 14 15 18 0 14 6
14 11 9 9 3 12 5 5 0 0
4 3 14 17 2 2 5 3 19 0
10 8 5 2 0 13 11 15 6 11
2 11 16 16 3 12 9 4 12 15
10 7 14 11 4 1 7 8 16 10
5 4 1 7 0 10 11 7 1 2
11 17 4 14 5 5 16 6 10 4
5 14 4 14 14 15 16 5 15 4
18 9 11 17 9 10 17 16 4 2
9 9 11 0 6 2 17 12 4 2
12 6 16 18 16 7 14 4 16 15
3 17 3 1 12 16 16 1 16 8
5 2 10 4 12 11 6 10 16 6
1 6 7 2 6 13 13 15 2 11
14 6 6 4 14 15 18 3 3 14
2 18 2 0 14 15 19 14 7 6
19 15 15 10 7 14 0 5 8 9
2 2 7 8 6 16 2 10 9 13
14 6 8 8 17 4 8 11 18 9
19 7 14 17 8 9 5 1 19 0
18 15 15 16 7 14 0 17 8 1
0 4 1 12 13 10 2 7 5 2
6 17 3 1 8 4 15 8 16 9
1 18 7 11 4 16 3 14 2 14
3 7 14 1 8 1 7 8 16 10
5 1 2 4 14 15 6 10 15 6
16 14 11 6 17 7 1 16 11 18
2 1 12 4 14 15 18 0 14 6
1 6 3 11 4 0 4 14 2 13
15 2 10 16 15 6 6 5 0 4
11 17 4 14 5 5 16 1 10 4
15 2 10 8 15 6 2 1 10 4
0 9 11 12 13 10 17 12 4 2
19 16 15 10 7 14 20 6 17 1
10 3 0 17 2 0 3 5 7 13
2 6 16 15 10 12 9 3 19 14
0 11 5 9 3 10 17 4 4 2
2 14 12 4 14 15 18 0 14 6
1 18 7 11 14 15 2 14 2 13
14 14 6 3 8 1 15 13 13 6
7 0 14 12 2 3 13 3 13 9
13 7 16 18 16 7 10 0 11 13
10 14 11 8 1 1 1 0 11 3
19 0 15 10 12 3 0 6 8 9
16 1 12 6 2 7 1 11 11 18
13 18 16 15 10 12 9 4 7 13
3 12 3 6 17 1 2 8 3 18
5 17 4 14 5 5 16 1 10 4
2 6 7 8 6 16 19 13 15 13
5 14 6 7 0 15 4 7 1 6
4 5 1 17 6 2 5 7 19 0
16 6 5 6 17 7 1 16 18 18
13 18 6 18 11 1 10 14 7 13
15 2 9 16 1 14 5 17 8 1
18 15 9 17 7 14 0 17 8 1
18 9 11 17 9 10 17 16 4 2
6 17 14 1 8 9 7 8 16 10
17 0 2 13 13 2 12 13 15 9
5 0 12 4 12 15 2 0 14 9
3 17 4 3 12 5 16 7 17 4
2 8 5 2 0 13 11 7 6 11
16 6 5 17 2 8 5 1 18 18
17 3 2 13 2 1 12 3 15 16
6 7 14 1 8 9 14 8 16 8
14 2 10 16 14 15 6 1 0 6
17 3 14 1 1 11 12 3 15 16
2 17 4 14 5 5 16 5 10 4
15 1 10 4 15 15 18 0 14 5
2 7 14 11 11 1 7 8 16 10
9 7 11 8 1 2 17 12 4 9
19 16 6 10 7 14 5 6 19 1
4 1 14 17 2 2 5 3 13 0
7 0 1 10 7 3 13 6 13 9
16 6 8 6 12 8 6 1 18 12
5 8 13 7 0 1 11 7 3 0
15 2 6 16 16 6 6 10 3 5
4 5 1 17 2 4 2 5 3 0
18 15 9 8 7 7 4 16 11 18
2 17 4 17 12 5 16 1 10 9
4 2 10 16 15 2 6 5 0 9
14 6 3 17 3 0 8 17 0 0
16 6 8 6 12 8 13 11 18 12
7 0 1 12 3 3 13 9 13 9
12 13 16 15 10 4 9 4 19 15
19 5 1 3 4 14 20 3 8 17
0 15 9 7 0 10 11 7 1 0
16 7 16 18 17 7 1 4 11 3
7 0 1 12 1 3 13 9 13 9
7 11 16 12 3 5 13 2 13 9
16 6 8 6 12 4 1 11 18 12
4 15 12 17 14 4 18 1 19 0
10 12 16 18 2 7 10 0 8 9
5 14 12 4 13 15 12 5 15 3
12 3 15 13 16 7 12 3 15 15
6 7 14 1 8 9 15 1 16 8
16 6 13 0 6 4 13 15 18 12
16 14 2 11 14 15 4 11 7 12
2 1 9 17 7 4 5 17 19 0
10 7 14 18 8 7 14 8 16 9
6 7 0 8 8 13 15 8 16 14
3 7 3 1 8 1 7 8 16 10
17 3 14 11 4 0 8 3 2 16
2 7 6 8 16 7 10 3 19 16
5 5 1 3 4 1 11 7 3 17
10 7 14 11 15 4 7 12 6 11
2 3 15 13 13 10 12 3 15 2
5 14 9 7 0 15 4 7 1 6
9 8 13 0 3 4 13 15 9 13
16 17 6 6 5 5 1 11 10 4
0 1 1 7 0 10 11 0 1 6
11 15 4 14 5 5 16 0 19 3
18 15 9 17 7 10 11 17 8 9
16 6 6 17 2 8 6 1 18 12
0 9 11 13 13 10 12 12 4 2
12 1 15 10 7 1 20 7 17 9
16 3 2 8 2 2 5 5 19 0
19 16 15 10 7 14 20 6 17 1
8 5 1 3 3 1 20 7 17 17
10 7 14 2 15 11 11 5 6 8
14 2 6 16 15 4 6 1 0 8
17 3 2 13 13 2 12 3 3 16
5 17 4 14 5 5 16 1 10 4
10 1 0 2 13 10 11 12 6 0
15 7 0 2 15 6 6 12 0 8
4 3 2 13 2 2 12 3 19 16
1 18 7 11 14 0 2 14 2 13
4 17 4 14 16 2 0 1 10 4
0 4 1 7 0 16 7 7 17 17
3 12 8 6 1 1 1 8 18 9
10 4 8 11 1 1 3 0 2 3
16 6 5 17 12 8 1 1 18 18
13 18 4 14 9 5 19 14 10 4
2 2 10 16 16 6 6 5 16 5
6 7 12 1 12 4 16 9 16 9
2 1 6 8 1 4 2 3 19 2
0 1 13 0 0 10 2 15 3 7
19 16 14 8 7 14 0 8 8 0
19 16 15 10 7 1 20 6 17 1
15 2 10 16 16 6 6 10 5 5
13 18 7 7 0 16 19 7 7 13
2 1 6 8 1 4 2 3 2 14
0 4 1 7 0 10 11 12 6 2
0 9 11 12 6 2 17 12 4 2
2 1 6 8 1 4 2 1 19 0
12 11 16 18 3 7 14 4 12 15
4 15 6 17 2 2 5 7 19 17
0 15 15 7 7 10 2 0 8 1
13 7 16 18 3 16 10 14 7 13
14 6 3 11 4 0 20 3 2 17
9 9 0 8 9 13 17 12 6 14
14 6 12 5 12 0 8 3 3 12
3 12 3 6 8 1 15 8 18 10
6 7 14 1 8 9 14 8 16 10
3 17 3 1 8 9 16 8 16 10
18 1 11 17 17 7 1 16 11 18
10 13 12 11 11 1 10 4 19 3
4 15 9 17 1 14 5 1 8 9
0 4 5 2 15 10 17 5 6 2
5 14 2 8 10 15 12 4 19 6
5 14 12 4 14 15 12 0 1 6
14 1 3 11 9 0 2 3 2 14
9 14 12 4 13 15 18 0 14 6
10 13 16 11 11 1 10 0 19 15
10 4 14 11 4 1 7 8 16 3
0 14 12 7 0 10 12 0 1 6
6 14 12 5 12 9 18 1 14 8
9 9 11 0 6 13 17 5 9 2
11 17 4 3 5 5 20 6 8 4
4 16 14 8 2 4 0 5 8 0
15 10 13 9 9 13 2 12 9 7
7 0 1 12 3 3 13 9 13 9
12 13 16 3 4 1 9 7 19 15
9 9 11 0 9 4 17 13 4 2
13 1 8 11 17 0 19 11 7 3
9 10 13 0 6 13 2 15 9 7
9 8 13 0 6 2 17 13 9 7
9 9 11 17 9 2 5 1 19 2
6 1 12 5 12 2 16 1 13 12
3 11 16 9 3 12 7 2 13 10
8 5 1 3 8 1 20 7 17 17
5 1 2 4 14 2 12 5 19 6
14 7 3 3 8 1 15 8 13 10
18 6 0 11 4 0 8 3 2 14
8 1 1 12 16 3 6 5 5 9
13 18 7 7 0 16 19 14 7 13
18 15 15 17 7 4 0 17 8 1
2 13 0 11 11 13 3 12 6 3
12 11 14 9 1 12 2 15 12 0
7 0 12 8 12 3 8 9 13 9
9 10 13 0 9 13 13 15 9 7
12 6 6 15 3 12 9 4 12 15
9 9 11 0 1 2 17 13 4 2
3 12 8 18 17 7 1 11 18 10
11 17 4 14 5 5 0 6 10 4
11 1 4 14 5 4 2 0 19 3
1 18 0 11 9 13 3 12 2 14
4 15 16 17 2 2 10 7 19 0
5 14 12 4 14 15 18 1 14 6
6 7 3 1 8 9 15 8 16 8
19 15 2 17 7 14 5 13 15 6
3 6 3 6 4 4 1 5 18 10
0 4 6 6 2 7 1 11 6 18
11 17 4 14 15 5 16 1 10 4
18 9 11 17 17 7 17 16 11 18
16 12 8 8 17 5 1 11 11 4
11 11 4 17 2 2 0 1 3 0
0 10 1 12 13 14 5 15 4 0
12 5 16 8 3 1 2 5 12 17
19 16 15 9 7 14 9 6 8 1
11 17 4 14 5 5 20 6 10 4
17 14 4 13 13 2 12 13 15 4
17 3 2 13 16 2 2 3 15 16
9 8 1 0 6 13 2 5 3 7
3 7 3 1 8 9 15 8 16 10
5 14 2 4 14 15 12 1 3 6
19 16 1 10 7 2 20 5 3 17
13 18 7 0 1 16 19 14 7 13
14 3 2 13 4 2 2 3 2 16
1 18 7 7 4 16 19 14 7 14
1 6 7 2 9 0 3 3 2 11
16 6 8 2 12 8 13 11 3 11
10 7 14 11 4 1 7 8 3 8
5 14 12 7 14 15 18 5 14 6
3 1 16 1 3 1 7 2 13 10
2 8 5 2 15 13 11 7 6 11
2 13 16 15 10 12 9 4 19 15
10 1 8 18 17 7 1 5 11 10
2 11 16 9 3 12 9 5 12 2
19 16 15 10 7 14 20 6 8 1
9 11 11 0 3 13 17 12 4 2
8 7 1 11 11 16 2 5 16 17
2 1 6 8 1 4 2 12 6 11
2 18 7 0 9 15 2 14 7 13
10 13 7 8 9 1 3 5 2 10
