6 3 17 4 2 7
13 14 38 24 28 4
60 9 41 22 10 14
72 67 1 26 1 1
59 18 1 26 1 1
60 9 9 23 25 19
144 7 30 25 7 19
155 42 1 24 1 1
71 20 17 26 1 1
81 49 17 0 1 1
128 57 9 11 21 17
73 42 18 2 10 7
66 15 38 2 14 1
116 50 27 11 10 7
90 36 20 24 10 7
111 3 16 13 10 7
46 14 17 26 1 1
14 56 17 0 1 1
53 59 17 26 1 1
46 45 0 0 5 7
143 10 17 26 1 1
135 57 2 11 29 24
91 26 24 24 27 7
91 55 17 26 5 7
34 23 17 24 28 4
147 51 17 26 1 1
7 42 19 24 28 7
6 25 36 11 15 12
129 45 14 26 3 25
106 19 1 0 1 1
1 29 1 11 10 7
1 43 13 8 25 9
1 29 1 0 18 5
59 8 17 26 1 1
51 42 16 12 16 21
104 57 17 26 1 1
45 58 21 2 10 7
106 18 1 0 1 1
58 36 14 24 21 7
119 59 17 26 1 1
149 51 1 0 1 1
135 57 2 24 1 1
127 6 8 22 23 26
1 43 1 0 1 1
1 44 25 26 1 25
1 43 17 0 1 1
1 66 34 20 5 8
1 29 22 22 10 7
1 41 17 0 1 1
7 39 8 24 28 4
119 57 17 26 1 1
115 1 17 26 1 1
51 5 7 24 28 26
113 59 17 13 26 0
115 51 17 24 28 4
61 4 8 4 7 10
96 14 17 26 1 1
43 25 38 12 11 18
44 44 22 24 28 4
1 29 28 24 28 1
1 29 16 1 10 4
1 29 33 24 28 4
1 29 16 10 10 4
1 11 28 24 1 1
1 29 41 20 26 22
1 11 7 26 3 7
1 29 24 22 4 9
1 29 11 8 14 14
1 5 39 24 10 4
1 57 17 24 1 1
52 59 17 26 1 1
3 49 23 24 28 4
1 20 17 26 1 1
1 26 11 22 18 11
1 46 17 26 1 1
3 49 17 24 28 4
1 10 1 26 1 1
1 20 17 26 16 20
9 20 10 26 1 7
1 56 1 0 1 1
1 64 0 26 28 4
1 30 1 23 28 7
1 35 1 0 28 4
1 9 21 8 0 16
1 35 1 26 1 1
145 59 13 26 28 4
1 28 38 2 10 4
1 59 5 26 1 7
1 14 17 0 1 1
1 35 16 24 28 13
1 29 13 1 10 4
1 29 1 5 2 26
1 29 13 7 10 7
52 51 1 22 14 8
33 51 1 1 28 26
1 29 20 5 13 7
1 29 22 1 10 7
1 29 1 12 28 16
1 11 17 10 28 4
1 29 1 1 18 28
1 30 28 24 1 1
1 2 39 2 28 7
1 55 16 24 28 9
1 45 29 24 28 4
1 41 8 0 28 4
1 41 17 24 28 4
1 55 3 26 1 1
1 54 1 0 1 1
54 35 40 26 28 4
1 3 20 3 10 16
1 63 17 24 28 4
9 20 17 26 1 1
1 49 18 24 28 21
1 38 30 22 0 17
1 27 9 24 28 12
1 9 22 20 2 7
1 19 0 24 28 4
1 40 39 13 3 19
1 40 28 8 2 14
1 53 7 16 10 12
1 22 2 9 15 21
1 19 1 0 1 1
3 59 1 0 1 1
1 54 9 24 11 7
1 21 2 26 1 1
9 7 9 24 28 4
1 29 14 5 10 4
1 29 14 24 10 4
1 22 1 26 1 1
9 56 17 0 1 1
29 56 1 24 1 1
1 61 17 24 1 1
1 25 34 10 12 7
1 3 40 17 30 4
1 4 16 10 3 10
1 18 1 26 1 1
1 16 17 24 28 4
3 19 17 24 28 4
1 9 39 24 28 26
1 37 17 0 28 1
1 12 18 17 10 7
1 42 17 26 1 1
1 3 20 26 10 7
1 54 17 26 1 1
1 56 1 0 1 1
1 12 1 24 28 4
1 55 1 0 1 17
151 10 17 0 5 7
95 51 1 0 1 1
152 28 7 16 3 7
36 2 20 24 1 7
14 18 24 24 10 7
47 49 16 24 10 7
0 22 17 0 28 1
74 47 19 20 3 5
1 3 23 4 10 1
1 22 10 24 1 1
1 43 11 7 21 7
81 16 6 2 10 4
137 34 8 10 28 4
1 43 11 7 27 26
155 7 23 9 1 18
71 51 1 26 1 1
1 27 27 22 2 26
1 59 1 24 28 4
35 42 38 2 10 4
74 7 16 12 3 7
4 49 17 24 28 4
77 5 6 24 1 1
66 42 18 24 28 1
4 53 19 12 5 18
112 13 23 5 16 5
62 56 33 10 28 4
5 49 25 4 21 7
120 7 7 24 28 4
140 9 31 25 2 25
117 15 40 24 28 4
112 25 17 9 15 12
91 51 38 0 1 1
38 51 1 0 1 1
74 7 20 5 11 17
81 44 10 3 10 7
140 26 21 8 0 16
85 42 1 26 1 1
148 9 12 3 17 26
1 8 17 26 1 1
123 57 40 13 3 7
21 61 17 26 6 14
62 51 1 26 1 1
113 51 1 0 1 1
52 3 1 24 10 7
77 51 1 26 1 1
69 18 1 10 28 4
63 57 30 3 10 13
53 40 11 6 14 5
62 5 17 26 1 1
97 51 1 0 1 1
97 51 1 26 1 1
93 42 35 24 1 1
32 36 30 14 10 3
148 9 22 8 2 11
11 3 3 2 28 1
143 42 4 10 10 7
6 36 30 19 21 19
13 51 1 0 1 1
13 51 1 0 1 1
1 19 10 24 28 7
1 59 20 24 1 7
1 56 34 22 10 7
1 30 14 24 28 4
1 21 1 26 1 1
1 22 33 24 28 4
1 64 3 26 28 4
9 12 6 26 28 4
1 12 22 24 28 20
1 61 38 24 1 1
1 64 15 24 10 7
1 29 8 24 16 4
1 29 8 24 6 26
1 29 41 1 10 28
1 29 40 24 1 1
1 11 20 24 1 7
29 51 38 26 1 1
54 51 5 24 28 7
1 11 18 0 28 1
1 29 39 24 1 1
1 29 20 0 28 7
1 46 20 24 1 7
1 29 1 18 16 26
1 29 1 18 10 4
1 29 1 13 29 19
1 29 1 1 10 4
1 29 1 18 28 4
1 29 1 5 10 7
1 29 1 17 10 7
1 29 1 18 10 6
107 51 17 13 28 4
1 29 1 12 10 15
1 44 26 3 10 4
1 21 17 26 1 1
1 55 17 0 1 1
1 35 17 26 1 1
1 12 17 26 1 1
1 21 1 26 1 1
1 22 17 26 1 1
1 59 1 26 1 1
1 21 1 26 1 1
1 21 1 26 8 7
1 18 1 26 1 1
1 18 1 26 1 1
3 67 1 0 1 1
1 18 17 26 1 1
105 67 17 24 11 12
1 40 18 1 25 5
1 18 1 26 1 1
1 18 1 26 1 1
1 7 1 0 28 1
1 41 1 16 1 5
1 29 7 7 10 9
1 29 20 26 1 7
1 50 39 24 28 4
1 9 19 11 1 7
1 57 2 3 28 3
1 20 26 24 1 7
9 36 23 2 10 4
16 40 8 22 2 9
1 10 30 24 1 24
1 49 25 10 28 13
1 5 10 24 1 1
1 3 39 12 10 7
1 29 1 0 9 7
1 29 1 0 2 5
1 29 1 0 12 13
3 51 1 0 19 7
1 29 1 0 2 14
1 11 17 0 5 7
151 57 17 26 1 1
19 0 38 15 27 26
34 1 1 26 1 1
73 51 1 26 1 1
49 20 17 24 28 4
37 8 17 26 1 1
20 51 1 0 1 1
81 16 38 24 1 1
1 10 22 1 28 4
1 35 8 26 16 7
1 43 38 24 28 1
1 14 3 22 13 16
1 55 17 9 21 3
74 20 17 26 1 1
1 41 2 24 1 1
1 28 15 24 28 4
124 31 17 24 28 4
77 51 1 26 1 1
21 14 3 24 1 3
34 16 27 1 3 11
138 54 17 26 1 1
74 66 17 24 28 4
42 24 17 3 1 7
19 54 17 26 1 1
154 8 17 26 1 1
25 56 35 5 21 7
102 10 17 26 1 1
55 56 17 26 1 1
30 8 17 26 1 1
55 51 1 0 1 1
24 51 1 19 6 7
105 5 17 24 28 4
131 42 31 26 1 7
124 66 1 26 1 1
5 49 17 24 28 4
6 36 30 3 10 7
30 18 17 26 1 1
52 20 38 17 28 4
120 25 34 11 10 4
60 51 1 0 1 1
55 36 11 24 28 4
8 8 1 26 1 1
49 20 17 18 16 21
29 45 39 4 5 7
10 26 41 13 10 7
38 51 1 13 1 4
1 29 1 0 1 10
1 29 1 0 1 19
31 42 17 22 10 8
55 51 1 0 1 1
97 51 17 24 1 1
102 8 17 26 1 1
12 19 17 26 1 1
55 51 1 5 12 7
119 24 18 3 10 1
121 2 5 11 10 7
121 2 5 20 10 7
44 45 7 3 10 7
1 29 1 0 14 12
1 29 1 0 32 10
1 59 1 26 1 1
54 2 39 12 10 7
1 29 1 0 26 11
1 29 1 0 25 20
1 29 1 0 5 7
1 11 1 0 8 7
1 29 1 0 25 4
1 29 1 0 22 0
1 29 1 0 13 7
1 29 1 0 13 7
1 29 1 0 21 7
1 29 1 0 21 7
1 67 1 26 1 1
1 67 1 26 1 1
1 29 2 0 1 1
1 29 26 24 6 19
1 29 21 24 28 9
1 29 0 24 0 7
1 29 30 24 7 2
1 11 13 24 28 4
1 29 10 24 28 4
57 51 20 24 1 1
1 29 13 26 28 1
1 29 6 24 28 4
152 57 11 23 11 11
78 61 13 26 1 5
1 20 17 0 1 1
1 4 8 24 28 4
1 39 7 2 28 4
1 24 10 10 10 13
1 30 17 0 28 4
1 30 3 24 28 1
89 55 17 24 1 24
1 62 17 26 1 1
1 29 1 18 19 12
1 29 5 1 28 4
1 29 1 18 10 4
1 29 1 18 10 4
1 29 1 15 0 26
1 29 1 18 10 4
1 29 1 12 21 5
1 29 1 23 0 24
1 29 5 13 10 1
1 29 1 14 12 7
1 10 1 0 1 1
1 67 17 0 1 1
1 5 39 8 10 2
1 18 17 26 1 1
9 37 41 10 10 4
1 21 1 15 28 7
1 12 1 26 1 1
1 21 1 26 1 1
1 21 1 26 1 1
1 5 10 24 1 7
1 21 1 26 1 1
1 29 39 24 1 1
1 29 21 22 2 7
1 29 15 24 12 4
1 29 31 24 1 1
1 29 23 24 16 1
1 29 23 2 10 7
146 7 13 24 15 7
53 10 34 24 1 1
1 1 24 26 28 26
1 29 24 17 13 16
0 67 17 26 1 1
60 1 17 15 10 4
13 4 5 26 1 4
110 20 17 24 28 4
109 36 17 24 19 12
41 9 28 2 5 7
60 52 31 2 10 4
2 4 15 1 2 21
1 10 38 7 10 7
1 33 19 11 10 5
89 55 1 0 1 1
1 10 1 0 28 1
1 30 1 0 1 1
1 54 17 3 10 4
1 61 1 26 1 1
1 19 17 26 1 1
1 33 24 24 28 12
1 7 35 2 18 7
1 29 33 24 28 4
27 7 21 3 11 18
14 19 17 26 1 1
1 43 17 0 3 7
1 30 17 26 5 24
71 37 6 24 1 7
150 19 17 26 1 24
125 66 30 2 6 8
15 25 31 24 1 1
74 33 0 24 28 4
17 20 17 26 1 1
3 56 1 0 1 1
3 11 1 0 1 1
29 51 17 26 1 1
75 17 35 2 1 1
149 14 1 26 1 1
115 54 17 0 1 1
107 43 6 24 1 1
44 4 22 8 18 3
107 51 1 26 1 1
75 3 17 26 10 7
135 22 39 24 18 18
64 16 28 11 10 4
21 10 17 24 1 1
21 51 1 0 1 1
21 51 1 0 1 1
21 15 38 23 2 7
127 45 2 20 10 24
110 42 16 24 28 4
93 56 17 26 1 1
0 37 17 26 1 1
38 59 1 26 1 1
84 8 17 24 28 4
1 56 1 0 1 1
1 29 1 0 12 18
1 29 1 0 19 7
1 29 1 0 21 7
1 29 1 0 14 7
1 29 1 0 19 7
1 29 1 0 9 7
1 29 1 0 9 15
1 29 1 0 9 3
1 67 1 24 21 5
1 29 1 0 13 10
1 1 38 24 28 1
33 51 7 0 28 4
1 29 23 26 28 4
1 29 10 17 10 4
47 19 2 24 7 17
1 19 3 2 28 4
1 11 34 24 1 1
1 9 27 8 2 11
1 10 1 0 1 1
1 59 41 12 21 17
1 28 17 26 28 1
1 5 13 2 28 1
1 25 11 9 10 4
1 54 1 0 1 1
1 15 13 2 10 4
1 29 38 23 13 16
1 29 11 2 10 4
1 29 4 24 28 7
1 59 20 2 28 1
136 3 23 13 3 5
1 56 17 0 1 1
1 61 34 14 5 7
1 56 1 15 10 1
1 12 1 0 1 1
1 43 9 24 28 4
1 30 5 24 28 4
1 56 17 0 1 1
1 41 17 0 28 4
1 28 4 23 0 16
1 29 30 26 28 5
1 29 15 24 28 4
1 29 20 0 1 1
52 51 5 24 28 4
1 29 29 24 28 24
42 67 10 24 1 1
1 29 22 24 28 4
1 11 34 24 1 1
1 29 22 26 28 4
1 28 15 17 10 5
1 46 17 26 1 1
1 22 17 9 10 12
1 41 17 0 28 4
1 30 17 15 10 4
1 35 1 26 1 1
1 11 16 24 28 4
1 34 1 26 1 1
1 0 34 11 28 7
1 34 1 26 1 1
1 28 18 24 1 1
1 5 1 24 1 1
1 22 1 26 1 1
1 66 1 26 1 1
1 63 33 15 32 26
52 56 17 26 1 1
1 23 28 22 22 0
1 59 38 26 28 4
1 20 3 24 28 4
1 45 41 24 3 5
92 43 17 0 1 1
40 55 1 26 1 1
1 5 30 25 24 17
1 2 39 24 28 7
1 39 30 24 28 4
1 39 1 26 28 1
1 59 41 24 10 7
3 67 17 24 1 1
1 30 17 26 1 1
1 57 17 26 1 1
1 1 15 3 3 26
1 9 3 2 28 4
1 24 4 24 1 7
1 53 10 24 28 18
1 22 9 25 10 18
1 12 1 26 1 1
1 9 3 8 2 14
1 42 17 26 1 1
1 55 1 26 1 1
1 12 11 1 25 7
1 38 1 18 28 1
70 65 34 7 32 7
3 49 9 24 28 4
19 19 17 26 1 1
26 36 35 8 10 7
105 12 1 24 19 4
18 51 1 0 1 1
23 45 23 26 28 1
105 20 1 26 1 1
53 55 16 11 2 7
151 4 27 8 0 19
77 12 20 24 1 7
81 22 20 24 1 1
112 45 28 14 12 9
72 56 1 26 1 1
116 57 20 26 1 1
69 3 17 26 1 1
29 51 17 26 1 1
16 51 1 0 28 1
76 59 1 26 28 1
112 15 27 8 11 11
38 2 41 13 26 22
38 2 5 24 1 22
76 49 22 24 28 4
103 45 34 5 2 12
10 63 4 2 2 11
24 0 34 11 6 7
69 4 4 22 17 9
127 42 17 24 2 11
111 56 24 26 8 7
21 14 17 26 1 1
28 17 20 24 1 1
1 29 1 0 14 12
1 29 1 0 1 8
1 29 13 24 28 2
1 29 1 0 1 5
1 29 1 0 1 5
1 29 1 0 1 10
1 11 1 0 1 18
1 29 5 24 1 1
1 29 1 0 1 0
1 29 1 0 1 5
1 10 17 24 28 4
1 42 39 2 21 7
9 44 11 10 10 4
1 46 35 24 28 1
1 20 1 26 1 1
1 20 1 26 1 1
1 22 1 0 28 4
1 67 17 0 1 1
1 20 17 26 1 1
1 36 17 26 1 1
52 19 17 26 1 1
1 2 41 26 1 26
1 42 1 24 28 1
1 22 7 24 28 13
86 20 1 26 1 1
1 5 17 24 28 4
1 44 11 24 31 2
1 61 17 24 1 1
1 50 30 3 10 7
1 48 14 20 10 7
1 29 28 24 28 1
1 12 17 24 28 4
1 12 1 26 1 1
1 12 1 0 1 1
1 5 17 0 1 1
1 44 39 3 26 6
1 19 5 24 10 7
1 41 3 4 14 8
1 20 1 26 1 1
1 22 30 7 14 7
1 1 38 22 21 27
89 62 36 24 28 4
1 30 1 0 28 1
1 49 23 24 28 4
1 3 23 11 10 7
1 27 0 24 28 4
1 44 34 11 10 16
1 56 17 0 1 1
1 34 2 10 1 4
1 29 20 1 28 1
1 29 22 26 28 4
114 10 26 19 21 17
1 66 33 9 16 4
1 27 12 10 10 4
1 2 1 4 28 7
1 39 7 1 10 4
1 48 17 26 1 1
1 28 17 24 1 1
1 12 17 24 28 4
1 65 10 24 1 7
1 27 16 26 28 4
1 39 7 22 14 25
1 63 17 0 8 7
1 27 28 3 3 7
1 56 1 0 1 1
1 21 1 26 1 1
1 34 1 26 1 1
1 61 1 26 1 1
1 20 17 24 28 1
3 14 28 22 14 2
1 57 35 25 29 7
1 3 17 26 1 1
1 59 1 24 28 4
1 38 33 24 28 4
1 38 30 24 1 1
1 25 23 24 1 1
89 5 17 0 1 1
1 55 1 0 5 24
3 31 26 2 1 1
1 42 17 24 28 17
1 30 17 0 1 1
1 57 5 26 1 1
1 39 7 9 3 15
1 3 39 25 3 17
1 49 17 24 28 4
1 4 4 4 15 7
1 20 29 24 28 4
89 42 1 17 10 4
1 57 1 26 8 7
1 5 17 26 1 1
1 21 1 26 1 1
1 22 38 24 28 1
1 29 4 1 28 16
38 54 2 10 12 13
1 29 39 24 28 4
1 43 3 24 28 4
102 8 17 26 1 1
21 11 17 0 1 1
8 8 17 26 1 1
58 32 3 22 7 26
102 8 17 26 8 7
8 51 1 0 1 1
21 37 17 0 1 1
21 51 1 0 1 1
126 23 22 22 19 3
150 51 1 0 1 1
1 29 14 26 28 4
1 18 14 24 1 7
53 42 5 1 10 9
68 51 1 0 1 1
68 67 39 26 1 1
49 51 0 24 28 4
40 51 1 26 1 1
83 17 11 9 2 12
15 51 1 0 1 1
15 67 17 26 1 1
63 3 18 9 10 4
106 51 1 0 28 1
1 29 8 24 10 26
1 29 13 14 10 7
1 29 24 26 28 1
1 39 12 24 10 11
1 29 34 0 28 4
1 29 30 24 28 4
1 29 34 11 28 7
1 30 5 24 1 1
1 29 1 0 5 0
1 29 1 0 21 3
1 11 17 0 8 7
1 29 5 24 8 7
1 29 13 24 8 7
78 51 1 0 8 7
1 29 13 0 8 7
145 51 1 0 8 7
1 11 1 0 8 7
1 11 1 0 8 7
1 13 35 24 12 25
1 20 1 26 1 1
1 19 17 26 8 7
1 54 17 26 1 1
1 22 1 0 1 1
145 20 11 24 10 7
1 39 7 20 10 6
1 56 17 0 1 1
1 55 17 0 1 1
1 13 23 24 3 5
1 7 12 26 1 1
1 2 17 26 1 1
1 36 35 24 6 15
1 13 0 24 11 7
1 57 1 26 1 1
1 28 17 26 1 1
1 60 17 24 28 4
1 15 13 24 16 4
1 16 16 0 28 4
1 48 22 26 28 4
127 45 41 21 12 22
1 29 20 24 28 1
1 66 33 9 15 12
1 52 17 26 1 19
1 54 17 26 1 1
1 2 20 3 10 1
1 55 1 26 1 1
1 9 31 4 28 4
1 15 17 10 28 4
33 51 18 24 1 1
1 11 20 24 1 1
1 29 25 12 10 9
1 11 11 23 30 19
1 29 24 14 1 5
1 63 8 18 10 7
1 19 17 0 1 1
1 29 24 24 28 18
101 51 9 24 28 4
66 45 34 2 1 1
37 42 9 23 10 12
116 26 25 10 10 1
142 50 11 23 9 15
150 8 17 26 8 7
125 20 17 26 1 1
154 51 38 24 1 1
51 32 30 18 18 5
110 7 9 12 10 7
100 16 33 11 10 12
1 56 17 10 10 4
1 29 26 24 28 4
1 29 26 26 1 1
1 43 17 0 28 4
1 29 15 25 7 7
1 29 14 26 3 7
1 29 28 2 10 7
1 18 35 24 28 4
1 29 24 0 28 4
156 15 33 24 28 5
1 29 20 24 1 1
1 29 19 25 7 25
1 0 31 24 28 0
1 9 14 4 0 7
1 38 1 26 1 1
78 33 10 3 10 19
1 25 10 26 8 7
89 28 18 1 10 4
1 67 1 26 1 1
36 43 17 24 28 4
20 36 30 23 3 7
132 26 4 26 14 0
20 19 1 26 1 1
15 3 17 26 1 1
1 67 17 0 1 1
1 24 30 26 1 1
1 16 24 24 25 7
1 67 17 0 1 1
1 17 1 0 1 1
1 23 22 24 28 24
1 49 17 24 28 4
1 15 38 2 11 12
1 50 25 11 10 4
1 25 0 19 11 19
1 59 1 26 1 1
1 44 1 26 1 1
1 29 5 13 10 4
1 33 10 3 15 5
3 14 1 26 1 1
1 35 1 26 1 1
1 52 17 26 1 1
54 48 41 24 28 4
1 42 1 26 1 1
1 33 41 8 10 4
1 48 22 26 28 1
1 5 23 17 11 4
1 19 1 26 1 1
1 19 1 26 1 1
1 34 1 26 1 7
1 1 0 24 28 1
1 30 9 26 28 4
1 29 25 26 1 1
1 29 1 0 1 14
102 51 1 0 1 1
68 51 1 0 1 1
51 48 28 1 10 7
51 46 17 24 28 1
130 49 9 7 2 5
113 51 1 0 1 1
31 51 1 0 1 1
80 23 10 22 26 0
1 29 13 2 10 4
68 51 1 0 1 1
16 63 16 15 28 4
16 51 1 0 28 1
1 29 1 0 1 20
1 29 1 0 1 9
1 29 1 0 1 3
1 29 1 0 1 3
1 29 1 0 1 28
1 29 1 0 1 18
1 29 1 0 1 3
1 29 1 0 1 21
1 29 1 0 1 0
1 29 1 0 1 0
1 5 15 2 10 7
1 67 17 0 1 1
1 17 17 24 28 4
1 38 1 26 1 1
1 30 1 24 28 4
1 30 1 26 1 1
3 8 17 0 1 1
1 8 17 26 1 1
1 50 35 2 10 4
1 44 18 3 9 7
1 1 13 24 1 1
1 45 10 8 7 9
1 55 5 10 8 7
1 61 1 0 1 1
1 46 1 0 28 2
1 24 6 25 7 18
1 57 2 24 1 1
1 38 38 2 28 4
1 33 10 10 15 7
1 55 1 26 1 1
1 38 17 9 28 4
1 29 26 24 1 1
1 20 17 26 1 1
1 56 23 24 28 5
1 29 1 14 11 7
1 29 1 8 3 7
1 29 22 22 17 3
1 29 31 18 2 26
1 29 13 2 10 4
1 29 13 17 1 7
1 29 1 7 10 7
1 29 1 5 10 7
1 29 1 15 10 16
1 29 14 12 28 4
1 4 16 2 10 7
1 3 23 10 1 13
1 37 14 24 28 1
1 37 17 26 1 1
1 59 34 26 1 7
1 19 1 26 1 1
1 34 1 26 25 5
1 65 41 24 12 7
1 55 1 26 1 1
1 4 28 24 10 7
1 29 24 26 28 7
89 20 17 0 1 1
1 29 39 24 28 4
1 29 13 26 28 1
1 29 38 26 28 4
1 11 2 24 10 1
1 30 26 24 28 4
42 51 6 26 8 17
1 29 29 26 28 4
29 31 19 17 5 7
1 54 17 26 1 1
1 48 16 26 1 1
19 21 17 4 3 7
1 36 10 3 6 5
1 15 9 23 0 5
1 59 17 26 1 1
1 42 17 17 10 4
1 57 17 26 8 7
1 9 18 11 10 4
1 10 26 23 15 7
1 24 17 26 1 1
1 63 35 24 28 1
1 32 24 18 17 5
1 30 17 26 1 1
1 26 21 2 25 20
1 22 1 26 1 1
1 36 8 24 28 4
78 44 10 24 10 7
1 42 31 20 10 10
1 13 18 24 16 7
1 5 17 24 1 1
1 66 17 0 1 1
19 56 1 24 28 1
1 61 17 0 1 1
1 38 1 26 1 1
1 43 25 24 28 4
1 33 35 24 1 4
1 18 1 0 1 1
145 54 1 15 32 7
1 1 17 26 1 1
1 5 14 24 28 4
89 39 20 24 19 7
1 15 30 2 13 12
1 38 17 0 16 7
1 55 17 24 28 4
1 16 31 8 0 7
9 45 17 10 28 4
1 3 30 7 10 7
1 46 17 26 1 1
1 22 17 26 1 1
1 1 13 24 8 7
1 49 33 8 10 19
1 34 1 26 1 1
1 30 17 26 28 1
1 9 3 22 29 16
1 28 17 0 1 1
1 49 9 23 11 7
1 56 33 24 28 1
1 0 17 15 32 7
1 21 1 26 1 1
1 6 27 24 28 7
1 35 39 24 28 4
26 46 17 24 28 1
57 57 17 16 28 7
20 45 23 24 1 4
57 51 1 26 1 1
5 51 14 24 28 7
101 36 35 2 28 4
35 15 18 5 14 2
151 50 23 9 3 13
120 7 28 24 28 4
35 42 17 24 28 4
58 15 26 22 2 2
49 46 14 24 9 25
144 59 17 24 1 1
63 17 23 13 11 18
68 51 1 0 1 1
68 51 1 0 1 1
65 7 9 3 11 7
143 20 1 26 16 7
43 17 27 25 21 25
143 51 33 26 1 1
1 56 18 24 28 2
1 44 29 24 10 7
1 19 1 26 1 1
52 19 17 26 1 1
1 14 17 0 1 1
1 35 1 26 1 1
1 42 16 4 10 5
1 14 25 24 1 7
3 8 17 0 1 1
1 44 17 26 1 1
1 19 17 26 1 1
1 17 16 24 28 4
1 30 17 26 1 1
13 20 17 26 1 1
1 8 17 26 1 1
1 8 1 26 1 1
1 29 1 0 1 10
1 29 1 0 1 10
1 57 33 14 28 1
3 46 1 26 1 1
1 29 1 0 1 12
1 29 1 0 1 3
1 29 1 0 1 10
1 29 1 0 1 10
1 18 17 26 1 1
1 1 1 26 1 1
1 22 41 8 5 7
1 55 1 26 1 1
1 56 17 0 28 1
1 2 17 13 10 7
1 48 27 1 0 5
1 63 17 24 28 4
1 61 14 17 28 7
1 4 22 24 10 4
118 16 16 2 10 4
1 66 10 10 28 13
1 63 30 23 10 13
1 30 17 0 1 1
1 20 25 26 1 1
1 56 10 24 28 4
1 61 1 26 1 1
89 30 1 26 1 1
1 19 1 26 28 11
1 37 17 0 1 1
1 33 4 8 9 7
1 13 10 23 11 2
152 15 20 26 1 1
1 9 28 1 25 9
1 46 16 24 28 4
1 33 17 26 1 1
1 21 1 26 1 1
1 25 9 9 28 4
1 54 17 26 1 1
1 14 1 26 1 1
1 55 20 16 11 4
1 29 18 24 10 1
1 11 17 0 6 2
1 29 6 26 1 1
1 11 7 24 1 1
1 29 22 24 28 4
1 29 20 24 1 7
1 29 41 24 28 4
1 29 33 24 28 4
1 29 1 0 30 18
1 29 22 1 25 20
1 29 14 9 1 7
1 18 1 0 1 1
1 9 17 0 1 20
1 59 1 26 1 1
1 57 1 0 1 1
92 20 10 24 8 7
1 19 17 26 1 1
89 20 9 24 1 13
1 46 2 26 1 1
1 0 17 26 1 1
1 26 21 5 7 19
1 59 1 26 1 1
152 24 10 13 3 3
1 29 1 0 12 7
1 29 20 24 32 1
1 28 5 20 2 9
1 44 34 1 6 5
3 62 17 26 1 1
1 48 17 26 1 1
1 62 17 26 1 1
1 37 17 26 1 1
1 21 17 26 1 1
1 61 23 14 6 8
1 10 26 19 10 4
1 28 1 26 1 1
89 14 29 26 1 1
1 12 28 24 19 7
1 56 20 0 10 7
1 44 17 26 1 1
1 21 17 26 1 1
1 56 17 0 28 4
1 19 17 26 1 1
1 15 20 2 28 4
29 56 1 26 1 1
1 10 9 8 10 12
1 12 9 1 18 3
1 21 17 26 1 1
17 50 30 10 10 7
15 8 17 26 1 1
98 20 0 3 9 15
17 25 30 23 11 19
20 36 17 26 1 1
156 14 17 24 1 7
20 56 1 0 1 1
20 20 17 26 1 1
26 39 1 26 21 11
57 61 1 24 10 7
21 51 1 0 1 1
147 62 17 24 1 1
86 2 20 10 28 13
95 3 39 25 29 17
147 8 17 26 1 1
147 51 17 26 1 1
150 51 1 0 28 4
77 51 17 26 1 1
95 51 1 0 1 1
22 5 24 24 28 4
1 29 1 0 1 0
1 29 26 24 28 4
86 59 1 26 1 1
1 29 18 2 28 21
1 61 1 0 1 1
1 27 17 24 28 4
1 67 1 26 1 1
152 67 1 26 1 1
1 29 1 0 1 10
1 29 1 0 1 27
1 29 1 0 1 2
1 42 25 12 10 4
1 29 1 0 1 9
1 29 1 0 1 15
1 29 1 0 1 18
1 29 1 0 1 9
1 9 38 24 28 7
1 29 1 0 1 19
1 30 17 26 1 1
1 14 17 26 28 1
1 59 17 26 1 1
1 33 30 2 15 21
1 10 26 3 16 26
1 19 41 24 1 20
1 56 16 24 21 4
1 10 17 3 28 1
1 54 30 11 10 17
1 38 23 24 1 1
1 10 1 9 28 4
1 10 17 24 28 1
107 51 13 24 8 7
136 20 6 24 1 26
28 56 13 0 12 7
17 7 20 26 1 1
84 51 17 0 28 4
84 51 1 0 28 14
136 36 17 0 1 1
11 20 17 26 28 4
143 51 1 0 1 1
148 4 14 22 21 3
1 29 33 24 28 4
1 62 17 26 1 1
1 56 17 0 1 1
1 48 1 2 7 26
1 12 17 7 1 1
1 20 17 26 1 1
1 54 0 26 1 1
1 39 8 24 29 7
1 2 28 8 10 4
1 13 35 24 1 1
1 54 17 26 28 4
1 67 20 26 1 7
1 54 14 24 28 7
1 54 17 24 28 1
92 55 29 10 28 4
1 54 1 0 1 1
3 19 17 26 1 1
1 22 7 24 28 21
1 24 6 24 28 4
1 13 23 16 11 4
1 8 1 26 1 1
3 8 17 0 1 1
1 67 17 24 28 4
1 39 41 16 10 4
1 49 38 24 28 4
1 22 1 24 28 1
1 31 17 26 1 1
152 58 4 24 11 19
1 22 8 9 0 12
1 39 17 0 28 4
1 5 10 13 28 4
1 65 26 24 1 7
69 51 1 0 28 4
30 20 1 26 1 1
59 57 17 26 1 1
82 42 17 24 10 7
14 42 31 24 28 4
119 60 39 13 2 15
69 51 1 24 1 1
11 3 38 26 27 7
144 42 17 26 28 1
72 61 1 26 1 1
3 13 26 24 1 1
1 4 31 18 25 5
1 14 1 26 8 7
1 10 1 26 1 1
1 55 17 24 28 4
1 59 17 26 19 7
1 55 1 0 1 1
1 28 17 0 1 1
1 13 30 9 10 2
1 22 1 26 1 1
1 29 19 20 28 26
1 29 24 9 10 4
1 29 26 24 28 4
1 29 22 24 28 4
1 29 24 24 1 1
1 11 35 24 1 1
68 51 6 26 1 1
1 29 28 25 25 5
1 29 33 24 28 4
1 29 36 9 15 12
1 19 35 9 28 7
1 15 20 24 1 7
1 35 5 24 28 4
1 67 1 26 1 1
1 13 7 24 1 4
1 45 29 24 28 13
1 27 17 26 1 1
1 67 1 26 1 1
1 59 17 26 1 1
1 67 17 0 1 1
1 14 39 1 10 4
1 54 17 26 1 1
1 1 1 26 1 1
1 1 4 20 10 7
1 62 17 26 1 1
1 40 26 5 10 1
1 28 20 14 27 7
1 62 20 24 10 7
1 1 17 0 12 7
1 19 1 26 1 1
1 45 31 2 1 13
1 49 33 24 28 4
1 15 15 13 10 7
1 44 14 5 14 7
1 54 40 10 28 19
1 52 34 1 2 26
1 14 3 22 17 28
1 14 3 8 7 16
1 37 17 26 1 1
1 39 20 8 0 19
1 14 10 26 1 5
1 1 17 26 1 1
1 20 25 26 1 1
1 34 1 26 1 1
104 34 5 15 32 7
110 4 33 12 0 20
59 42 7 24 28 4
15 2 5 13 26 22
81 42 25 2 11 12
99 2 17 24 10 7
65 26 14 15 28 11
91 26 19 24 1 17
132 66 20 26 1 7
10 31 20 24 28 12
1 43 6 10 10 4
1 46 1 26 1 1
1 35 17 26 1 1
1 63 17 0 1 1
1 34 1 26 1 1
1 1 17 0 1 1
98 15 17 26 1 1
1 24 3 12 7 16
1 67 17 24 28 4
1 18 41 9 28 4
1 29 1 0 1 21
1 29 1 0 1 15
1 29 1 0 1 5
1 29 1 0 1 10
1 29 1 0 1 28
1 29 1 0 1 5
1 29 1 12 28 18
1 29 1 0 1 8
1 29 1 0 1 10
1 29 1 0 1 9
1 24 15 24 28 4
1 14 1 26 1 1
3 9 25 24 28 7
1 46 39 2 29 11
1 19 1 4 10 4
1 61 17 26 1 1
1 44 26 24 10 7
1 48 39 2 28 4
29 61 17 26 1 1
1 3 11 14 6 18
1 29 23 26 28 4
1 24 17 26 1 1
1 38 30 7 3 7
1 54 1 23 28 4
1 59 17 26 1 1
1 54 1 0 1 1
1 17 4 3 0 7
1 56 17 0 8 7
1 34 17 26 1 1
1 55 17 0 1 1
21 5 3 2 1 1
1 33 6 12 11 7
1 18 1 26 1 1
79 32 37 22 17 3
1 54 17 24 28 4
1 15 21 23 3 7
3 22 1 0 28 1
1 8 1 26 1 1
1 8 1 26 1 1
1 66 15 2 16 13
1 8 1 26 1 1
1 14 17 26 1 1
13 8 1 26 1 1
1 8 17 26 1 1
1 20 24 14 14 7
101 22 9 9 21 3
1 52 12 24 1 1
1 59 1 26 1 5
1 49 1 0 1 1
1 30 10 26 1 1
1 29 1 0 9 25
1 29 1 0 0 22
1 39 7 20 2 14
1 55 17 26 1 1
1 49 9 24 28 7
1 20 17 0 1 1
3 49 17 0 28 1
1 46 1 0 28 4
1 36 34 24 6 1
1 45 17 0 1 1
145 19 17 24 28 4
1 33 9 24 28 4
1 19 38 24 28 4
54 19 38 3 1 28
1 46 1 26 1 1
1 55 14 26 1 1
1 1 38 26 28 1
1 42 41 19 28 24
1 50 30 7 10 2
1 59 1 24 28 4
1 3 23 24 1 1
1 38 11 24 1 1
1 29 13 13 10 5
1 29 41 16 28 7
1 29 23 24 28 1
1 29 5 18 18 5
1 1 36 3 11 26
1 29 26 14 10 1
1 29 13 24 28 1
1 29 35 7 28 7
1 29 35 24 28 1
1 29 5 11 10 2
42 42 1 26 1 1
1 44 17 26 1 1
1 30 1 0 1 1
1 7 0 24 28 19
1 63 17 2 10 4
1 48 17 24 28 1
1 10 17 26 1 1
1 38 24 26 28 4
1 48 38 22 27 28
1 42 1 26 1 1
1 49 25 24 28 4
1 18 10 24 28 7
1 12 1 24 28 4
1 35 1 24 28 4
1 67 1 26 1 1
152 7 24 12 10 5
1 45 41 10 10 5
1 21 1 26 1 1
1 35 41 24 28 13
1 59 14 24 1 1
1 22 17 24 28 4
1 64 31 10 28 4
1 44 10 2 1 18
1 12 17 0 28 4
1 44 9 3 10 7
1 24 24 24 6 18
1 15 6 24 28 12
1 14 17 26 13 7
1 35 39 24 1 1
1 54 17 26 1 1
1 61 1 26 1 5
1 15 34 24 1 1
9 30 10 24 1 7
1 35 17 24 28 4
1 28 17 0 1 1
1 33 20 24 1 1
1 2 28 4 10 4
33 51 1 24 28 4
1 29 10 24 1 1
1 66 10 24 1 7
1 35 17 26 28 1
1 14 3 26 1 1
1 24 30 22 2 3
1 14 41 24 28 4
1 9 24 12 21 9
1 30 1 0 28 4
1 39 8 15 1 4
1 29 31 24 1 1
1 56 34 26 1 1
1 11 1 0 1 1
1 38 17 26 1 1
122 26 31 22 29 11
27 22 9 14 27 7
24 65 20 24 10 7
49 51 1 0 1 1
119 45 23 10 18 11
63 7 39 5 30 16
40 46 17 24 1 1
70 22 17 0 1 1
70 49 17 24 28 12
41 27 14 24 28 7
1 29 1 0 3 9
1 29 1 0 1 9
1 29 1 0 1 12
1 29 1 0 1 26
1 29 1 0 1 18
1 29 1 0 1 18
1 56 8 24 28 4
1 29 1 0 1 6
1 29 1 17 10 20
1 29 1 0 1 14
1 29 1 0 1 10
92 38 14 16 10 2
1 46 14 24 1 1
1 22 17 26 1 1
92 7 9 24 10 4
1 54 1 26 1 1
1 33 17 3 16 4
1 44 1 26 1 1
1 20 1 26 1 1
1 35 1 24 28 4
1 55 17 26 1 1
1 18 14 26 28 1
1 29 1 0 26 7
1 37 1 26 1 1
1 34 1 26 1 1
1 35 5 24 28 4
1 29 1 0 18 4
1 1 17 0 3 26
1 40 28 4 3 9
1 37 17 26 1 1
89 37 1 0 1 1
3 22 18 0 1 1
1 24 17 26 1 1
92 13 19 9 9 7
1 24 19 16 11 12
1 4 8 24 10 3
1 9 8 1 32 9
70 41 12 16 3 12
1 18 17 26 1 1
78 41 17 26 1 1
1 57 25 12 10 7
1 48 11 26 28 4
19 35 1 26 1 1
1 49 9 24 28 4
1 54 7 5 10 1
1 35 1 24 28 1
1 65 35 24 1 1
1 44 17 24 1 8
1 28 17 26 1 1
1 5 6 26 1 1
1 29 10 9 6 18
1 29 10 24 1 1
1 29 21 25 3 7
1 29 41 26 1 1
1 29 30 8 10 7
1 29 22 24 28 4
1 29 14 26 28 4
1 11 35 10 10 4
1 29 10 0 1 1
1 29 40 26 28 4
1 59 1 26 8 7
1 49 17 24 10 4
1 39 7 9 3 7
145 67 17 26 1 1
1 7 23 17 11 7
1 55 34 24 5 4
1 23 17 24 28 4
1 16 40 24 28 4
1 42 16 2 10 4
1 50 11 8 5 7
1 64 17 24 1 1
147 12 1 0 28 4
1 56 1 5 10 4
1 18 24 5 1 4
1 9 3 20 7 5
1 32 8 24 10 26
1 35 23 24 1 7
1 22 24 24 28 4
1 12 23 26 1 1
1 44 11 19 32 18
1 1 40 24 1 7
1 61 17 26 1 1
1 29 31 22 2 0
35 42 35 2 1 1
29 7 17 24 1 1
1 9 19 22 3 7
1 9 16 18 25 9
1 29 6 26 1 1
88 12 9 5 19 5
94 42 27 24 1 7
94 19 17 26 1 1
3 49 22 1 10 7
6 4 30 3 19 8
35 51 17 0 1 1
78 59 1 26 1 1
94 8 17 26 1 1
1 11 18 3 10 21
1 30 2 13 7 26
1 29 11 14 20 23
102 20 17 26 16 7
2 42 25 24 28 7
1 29 7 4 14 5
149 51 1 0 1 1
133 32 37 22 18 0
154 51 17 0 1 1
154 2 4 5 10 7
0 51 1 0 28 1
39 23 41 8 26 22
25 19 1 26 1 1
139 4 7 24 28 4
3 49 2 24 28 1
1 9 10 10 10 13
1 56 12 24 28 4
1 16 38 1 32 9
3 51 23 7 5 7
1 60 21 22 10 7
1 52 17 26 1 1
1 40 8 24 7 9
1 49 17 0 28 1
1 9 36 2 10 14
1 29 32 2 10 7
1 29 39 24 1 4
29 17 35 24 1 1
62 36 11 2 1 13
10 42 1 26 16 7
6 57 20 24 8 17
122 26 27 2 10 4
132 3 17 26 1 7
26 12 17 24 28 4
21 51 1 0 1 1
18 26 20 24 1 13
18 26 27 24 28 4
108 42 11 22 18 12
1 35 0 2 10 4
1 54 17 26 1 1
1 14 38 10 28 4
1 29 1 0 1 27
1 29 1 0 1 27
1 29 1 0 1 27
1 29 1 0 1 27
1 29 1 0 1 27
1 29 1 0 1 27
1 29 1 0 1 9
1 29 35 24 28 3
1 29 1 0 1 28
1 29 1 0 1 10
1 19 1 26 28 1
1 17 28 24 1 7
3 14 17 0 1 1
19 14 17 26 1 1
1 3 38 24 1 1
78 20 17 0 28 1
1 52 6 5 21 7
1 17 17 26 16 7
1 42 5 26 28 4
1 55 17 0 1 1
113 20 17 24 1 1
58 2 5 20 22 0
140 3 11 2 19 14
69 51 1 0 28 4
44 51 17 24 8 7
72 51 1 26 1 1
56 46 41 2 10 4
56 19 17 24 28 1
5 51 1 0 28 1
71 59 1 26 1 1
1 57 33 24 1 1
1 4 41 22 21 3
3 22 1 0 1 1
1 60 21 2 10 7
1 10 1 0 1 1
1 3 10 26 1 1
1 10 8 26 11 7
3 16 12 10 10 7
1 9 14 17 28 9
89 1 1 26 1 1
1 59 17 0 28 1
64 45 29 24 28 4
0 51 1 0 8 7
88 51 17 24 28 1
25 66 40 24 1 13
13 13 20 26 1 7
31 46 17 16 28 7
93 19 17 26 1 1
53 45 31 24 1 1
127 20 14 24 28 4
56 54 24 16 10 7
1 29 38 24 28 4
1 11 18 24 28 4
1 29 18 11 10 4
1 11 20 24 1 7
1 29 16 26 28 4
1 29 16 24 28 4
1 29 18 14 10 4
1 29 31 24 1 5
1 11 14 24 1 1
1 1 1 0 1 1
1 31 4 24 11 17
1 7 1 0 28 4
1 19 1 26 1 1
1 54 5 26 11 25
9 43 5 7 29 3
1 26 17 0 31 2
1 48 1 26 1 1
89 43 13 24 28 4
1 20 1 9 11 7
3 31 1 26 1 1
1 61 23 26 1 1
1 56 6 7 14 12
1 56 18 24 28 1
1 45 3 16 7 16
1 35 1 26 1 1
1 1 17 26 1 1
1 28 0 1 2 7
1 43 22 24 28 4
1 10 36 5 10 4
14 48 17 24 8 25
1 57 0 26 10 7
1 24 12 24 10 7
1 40 22 15 16 7
1 45 27 10 2 24
1 29 23 26 8 7
71 51 1 26 1 1
137 20 17 26 1 1
14 19 17 26 1 1
69 20 18 24 28 2
76 20 1 26 1 1
84 3 40 24 1 7
1 28 3 8 7 28
1 41 17 0 28 4
114 26 11 3 17 26
114 20 17 26 1 1
1 21 17 26 1 1
1 67 1 26 1 1
1 27 17 26 19 12
1 60 27 5 10 4
1 27 17 24 28 4
1 17 11 13 29 25
9 18 17 26 1 1
1 52 17 26 1 1
1 52 17 26 11 7
1 14 31 2 28 4
1 35 14 22 2 7
1 36 39 24 28 4
1 16 16 24 28 4
1 28 1 0 16 7
87 54 9 24 28 4
122 26 9 11 10 17
96 18 17 26 1 1
67 58 12 2 28 4
72 18 14 24 28 1
62 66 29 24 28 7
73 61 20 17 1 1
6 50 40 24 28 4
150 43 13 13 8 7
138 61 10 17 1 1
1 54 26 10 0 5
1 29 39 26 28 4
1 43 17 0 1 1
1 29 39 2 10 7
1 9 33 25 3 7
1 33 22 24 28 4
1 0 34 15 27 7
1 57 17 26 1 1
1 42 1 0 28 1
1 3 35 14 10 7
1 66 0 24 1 15
1 31 26 24 28 4
1 5 17 26 1 1
1 13 23 24 1 1
37 3 1 26 1 7
75 45 17 26 1 1
86 59 17 24 8 7
38 19 17 24 1 1
153 16 35 11 10 4
48 3 17 26 18 7
48 54 1 0 1 1
31 15 17 23 10 7
6 3 10 2 28 4
23 59 17 24 28 4
1 30 1 19 6 18
1 29 1 22 21 26
1 29 22 24 19 7
1 29 41 22 2 26
1 29 30 9 9 15
1 29 31 24 28 4
1 29 31 11 6 17
1 29 16 0 28 4
1 29 16 24 28 4
1 29 3 20 28 28
1 29 1 0 1 18
1 29 16 24 28 5
1 29 28 24 3 7
1 29 1 22 10 4
1 29 1 7 3 7
145 19 1 26 1 1
1 22 0 24 28 4
1 57 9 24 28 1
42 20 17 26 1 1
1 57 17 26 1 1
1 65 17 26 1 1
3 42 1 24 28 1
1 9 16 24 28 4
1 1 17 26 1 1
1 42 1 26 30 4
1 28 17 24 28 4
1 63 41 12 10 25
1 34 14 24 28 7
1 9 22 24 28 4
1 5 9 9 28 4
1 52 17 26 1 1
1 0 13 26 32 1
1 56 17 0 8 7
1 1 15 24 1 7
1 10 6 26 28 4
1 41 13 24 28 1
1 21 1 26 1 1
1 22 7 10 28 4
42 55 1 0 28 1
1 58 15 2 10 7
1 45 17 0 1 1
1 34 34 24 16 7
1 20 21 24 28 4
1 49 17 0 28 4
9 55 17 26 1 1
1 26 34 14 1 7
1 9 6 24 28 1
1 43 11 7 10 26
1 33 10 24 1 1
156 20 35 2 28 0
87 44 2 19 7 7
72 3 12 2 1 7
125 20 17 26 1 1
26 20 17 26 1 1
151 10 17 0 1 1
101 30 1 24 28 4
20 7 18 9 10 4
43 25 35 2 28 12
137 42 31 16 10 4
1 54 17 26 1 1
1 29 22 24 28 4
1 59 38 4 10 4
1 12 31 24 1 1
1 35 38 24 28 4
1 59 35 2 7 12
1 14 14 24 1 1
1 12 22 0 28 4
1 14 10 17 28 4
1 61 18 11 6 1
1 21 17 26 1 1
1 1 40 26 1 1
74 60 21 2 22 16
129 9 39 24 28 4
91 17 17 26 1 1
72 1 12 24 1 7
56 27 9 12 0 7
123 49 14 26 28 7
138 20 17 0 1 1
120 42 25 24 28 4
35 66 17 26 1 1
27 42 38 5 0 7
1 50 39 24 28 4
1 35 8 26 1 1
1 38 17 26 1 1
1 35 14 17 1 4
117 7 20 24 28 18
90 35 17 13 28 4
1 35 8 24 28 4
122 26 27 22 10 22
43 20 17 26 1 1
62 5 24 11 15 13
25 42 11 1 10 7
0 33 9 24 28 13
135 56 17 26 1 1
52 51 1 26 1 1
121 42 0 20 14 7
1 28 2 24 1 1
1 12 41 19 9 7
65 26 31 24 1 7
21 51 1 26 1 1
49 54 13 24 28 4
141 3 26 11 2 18
49 54 1 26 1 1
128 26 17 24 28 4
56 54 20 26 1 1
84 51 17 24 28 4
1 52 0 24 11 7
68 55 17 0 1 1
28 51 1 0 1 1
1 29 35 16 14 12
1 29 16 2 10 4
33 51 23 24 28 4
1 38 3 9 0 7
1 1 10 26 8 4
1 11 26 24 1 1
1 31 6 0 1 1
1 34 1 26 1 1
1 30 1 0 1 1
1 28 0 25 0 28
1 13 12 26 1 2
1 15 13 0 1 1
1 60 39 3 10 7
1 31 17 26 1 12
1 22 39 12 10 4
1 59 0 24 28 28
66 67 1 26 1 1
76 42 4 2 28 20
31 51 1 0 28 1
111 1 1 24 28 4
154 51 1 0 8 7
0 59 17 24 28 4
0 51 1 0 28 1
113 18 1 26 1 1
21 42 17 24 28 1
21 3 40 3 8 7
1 29 1 0 3 26
1 1 17 26 1 1
1 29 1 0 18 16
1 29 10 0 28 4
1 11 18 0 1 1
1 29 33 4 28 4
1 29 27 24 1 7
1 29 23 24 1 1
19 51 10 24 8 4
1 29 15 24 12 7
1 29 16 0 28 21
1 29 6 26 1 1
1 29 38 15 10 16
92 37 29 24 28 1
1 3 24 8 27 7
92 57 9 2 10 4
1 20 25 8 0 19
1 49 17 24 28 4
1 16 6 24 28 4
1 19 1 26 1 1
1 56 17 0 1 1
1 42 1 24 28 4
1 36 17 24 28 4
1 14 16 24 28 4
1 53 30 10 10 13
1 24 17 26 5 7
1 27 0 24 28 13
1 9 34 24 1 1
1 49 8 10 10 7
1 66 1 26 8 7
1 6 41 12 2 14
1 28 18 24 1 13
1 9 18 25 19 14
1 26 38 12 28 4
1 20 39 8 0 5
3 5 17 9 28 1
1 40 22 8 10 24
1 56 1 26 1 1
1 22 17 26 1 1
1 59 17 26 1 1
1 49 1 24 28 4
1 29 1 12 10 7
1 29 1 14 10 1
1 29 1 23 10 7
1 29 1 14 10 7
1 29 13 17 5 7
138 20 1 9 15 12
1 63 8 0 28 4
54 55 8 26 28 4
1 59 1 24 28 4
1 61 39 26 1 1
1 30 1 0 1 1
1 22 23 10 11 18
1 61 1 26 1 1
1 44 33 4 5 7
1 41 35 24 28 4
1 5 17 0 1 1
1 9 7 4 25 9
1 63 15 20 2 7
1 56 1 0 1 1
61 4 28 4 14 7
21 51 1 0 1 1
115 51 1 24 28 4
147 5 31 4 10 4
134 23 41 22 26 3
111 51 1 24 28 4
55 6 33 22 2 17
55 12 33 24 1 1
8 51 1 0 1 1
50 36 26 11 10 3
1 29 21 25 10 1
89 51 4 0 1 1
1 34 1 26 1 1
1 18 31 2 10 4
1 5 23 24 1 4
26 8 17 26 1 1
1 42 20 14 10 7
1 28 6 24 1 26
1 42 4 26 1 7
1 18 11 25 29 25
1 3 17 26 1 1
1 9 40 5 10 7
1 29 11 6 7 19
82 16 41 22 2 26
1 29 20 14 10 1
1 35 5 26 1 1
1 11 2 0 1 1
1 29 22 24 28 4
1 29 33 14 6 7
1 29 33 3 18 3
1 29 20 24 28 1
1 30 1 0 28 4
1 11 38 24 28 4
27 67 17 0 1 1
55 3 9 24 1 1
16 35 7 24 28 4
77 35 17 12 1 1
1 54 30 19 6 19
38 2 1 10 28 4
1 12 17 0 28 4
124 50 11 13 25 12
150 51 1 0 28 1
35 16 20 24 28 0
29 44 26 24 10 7
89 20 1 0 1 1
